1 -7.55302 -7.55302 0
2 -7.54455 -7.54879 0.00423424
3 -7.54878 -7.54878 0.00244464
4 -7.55915 -7.55138 0.00311608
5 -7.54284 -7.54967 0.00295679
6 -7.5577 -7.55101 0.00276014
7 -7.54644 -7.55035 0.00242214
8 -7.54267 -7.54939 0.00230695
9 -7.54784 -7.54922 0.00204186
10 -7.53652 -7.54795 0.0022245
11 -7.54994 -7.54813 0.00202027
12 -7.5474 -7.54807 0.00184524
13 -7.54726 -7.54801 0.00169853
14 -7.54719 -7.54795 0.0015736
15 -7.53955 -7.54739 0.00156833
16 -7.54337 -7.54714 0.00148838
17 -7.54003 -7.54672 0.00145926
18 -7.54104 -7.54641 0.00141159
19 -7.55365 -7.54679 0.00138857
20 -7.5344 -7.54617 0.00145556
