1 7.55615 7.55615 0
2 7.6041 7.58012 0.0239731
3 7.57945 7.5799 0.0138427
4 7.52376 7.56586 0.017111
5 7.61536 7.57576 0.016543
6 7.53186 7.56845 0.0153617
7 7.59622 7.57241 0.0135756
8 7.61681 7.57796 0.0130008
9 7.58632 7.57889 0.0115032
10 7.6492 7.58592 0.0124615
11 7.57459 7.58489 0.0113189
12 7.59028 7.58534 0.0103424
13 7.59122 7.58579 0.00952439
14 7.59044 7.58613 0.00882412
15 7.63379 7.5893 0.00880806
16 7.61201 7.59072 0.00836047
17 7.62929 7.59299 0.00817443
18 7.62301 7.59466 0.00788526
19 7.55275 7.59245 0.00777795
20 7.66002 7.59583 0.00811551
