1.153321e-02 0.000000e+00 0.000000e+00
3.459964e-02 0.000000e+00 0.000000e+00
5.766607e-02 0.000000e+00 0.000000e+00
8.073250e-02 0.000000e+00 0.000000e+00
1.037989e-01 0.000000e+00 0.000000e+00
1.268654e-01 0.000000e+00 0.000000e+00
1.499318e-01 0.000000e+00 0.000000e+00
1.729982e-01 0.000000e+00 0.000000e+00
1.960646e-01 0.000000e+00 0.000000e+00
2.191311e-01 0.000000e+00 0.000000e+00
2.421975e-01 0.000000e+00 0.000000e+00
2.652639e-01 0.000000e+00 0.000000e+00
2.883304e-01 0.000000e+00 0.000000e+00
3.113968e-01 0.000000e+00 0.000000e+00
3.344632e-01 0.000000e+00 0.000000e+00
3.575296e-01 0.000000e+00 0.000000e+00
3.805961e-01 0.000000e+00 0.000000e+00
4.036625e-01 0.000000e+00 0.000000e+00
4.267289e-01 0.000000e+00 0.000000e+00
4.497954e-01 0.000000e+00 0.000000e+00
4.728618e-01 0.000000e+00 0.000000e+00
4.959282e-01 0.000000e+00 0.000000e+00
5.189946e-01 0.000000e+00 0.000000e+00
5.420611e-01 0.000000e+00 0.000000e+00
5.651275e-01 0.000000e+00 0.000000e+00
5.881939e-01 0.000000e+00 0.000000e+00
6.112604e-01 0.000000e+00 0.000000e+00
6.343268e-01 0.000000e+00 0.000000e+00
6.573932e-01 0.000000e+00 0.000000e+00
6.804596e-01 0.000000e+00 0.000000e+00
7.035261e-01 0.000000e+00 0.000000e+00
7.265925e-01 0.000000e+00 0.000000e+00
7.496589e-01 0.000000e+00 0.000000e+00
7.727254e-01 0.000000e+00 0.000000e+00
7.957918e-01 0.000000e+00 0.000000e+00
8.188582e-01 0.000000e+00 0.000000e+00
8.419247e-01 0.000000e+00 0.000000e+00
8.649911e-01 0.000000e+00 0.000000e+00
8.880575e-01 8.763220e-05 1.684268e-05
9.111239e-01 3.481173e-03 6.137306e-05
9.341904e-01 4.745821e-02 2.853612e-04
9.572568e-01 2.942003e-01 1.417343e-03
9.803232e-01 1.007435e+00 2.106680e-03
1.003390e+00 2.237791e+00 2.472487e-03
1.026456e+00 3.626170e+00 3.103138e-03
1.049523e+00 4.621842e+00 2.151605e-03
1.072589e+00 4.894554e+00 3.196838e-03
1.095655e+00 4.489937e+00 4.695593e-03
1.118722e+00 3.658929e+00 3.060224e-03
1.141788e+00 2.694236e+00 2.821583e-03
1.164855e+00 1.815354e+00 1.057273e-03
1.187921e+00 1.132272e+00 1.327059e-03
1.210988e+00 6.535856e-01 1.626320e-03
1.234054e+00 3.535133e-01 1.144864e-03
1.257120e+00 1.798626e-01 9.406196e-04
1.280187e+00 8.885636e-02 6.979273e-04
1.303253e+00 4.893690e-02 4.729099e-04
1.326320e+00 4.177631e-02 3.820848e-04
1.349386e+00 6.048559e-02 5.000053e-04
1.372453e+00 1.056453e-01 4.690518e-04
1.395519e+00 1.837630e-01 5.238402e-04
1.418585e+00 3.009208e-01 6.189140e-04
1.441652e+00 4.534880e-01 6.107714e-04
1.464718e+00 6.287153e-01 5.287575e-04
1.487785e+00 7.974710e-01 9.054196e-04
1.510851e+00 9.219936e-01 9.196616e-04
1.533918e+00 9.705934e-01 1.084027e-03
1.556984e+00 9.297906e-01 1.139937e-03
1.580050e+00 8.081548e-01 9.107553e-04
1.603117e+00 6.409177e-01 6.245320e-04
1.626183e+00 4.648930e-01 6.193588e-04
1.649250e+00 3.167579e-01 5.421986e-04
1.672316e+00 2.194874e-01 7.957872e-04
1.695383e+00 1.917790e-01 8.689602e-04
1.718449e+00 2.550014e-01 1.181486e-03
1.741515e+00 4.344387e-01 1.395479e-03
1.764582e+00 7.495587e-01 1.711964e-03
1.787648e+00 1.197234e+00 1.075321e-03
1.810715e+00 1.727114e+00 8.711483e-04
1.833781e+00 2.234545e+00 1.636070e-03
1.856848e+00 2.596656e+00 2.079648e-03
1.879914e+00 2.714139e+00 2.709874e-03
1.902980e+00 2.558697e+00 2.568407e-03
1.926047e+00 2.181408e+00 2.024864e-03
1.949113e+00 1.690247e+00 8.323500e-04
1.972180e+00 1.201072e+00 1.045977e-03
1.995246e+00 8.019847e-01 1.435550e-03
2.018313e+00 5.423822e-01 1.715658e-03
2.041379e+00 4.340453e-01 1.353678e-03
2.064445e+00 4.606321e-01 1.026331e-03
2.087512e+00 5.869305e-01 7.533751e-04
2.110578e+00 7.580634e-01 4.612959e-04
2.133645e+00 9.163497e-01 5.886732e-04
2.156711e+00 1.014668e+00 9.844624e-04
2.179778e+00 1.022393e+00 1.123297e-03
2.202844e+00 9.192275e-01 7.396002e-04
2.225910e+00 7.804208e-01 5.419982e-04
2.248977e+00 6.541134e-01 7.180889e-04
2.272043e+00 5.711449e-01 1.004649e-03
2.295110e+00 5.732247e-01 1.067465e-03
