0.000000000e+00 0.000000000e+00
0.000000000e+00 0.000000000e+00
0.000000000e+00 0.000000000e+00
0.000000000e+00 0.000000000e+00
0.000000000e+00 0.000000000e+00
0.000000000e+00 0.000000000e+00
0.000000000e+00 0.000000000e+00
0.000000000e+00 0.000000000e+00
0.000000000e+00 0.000000000e+00
0.000000000e+00 0.000000000e+00
0.000000000e+00 0.000000000e+00
0.000000000e+00 0.000000000e+00
0.000000000e+00 0.000000000e+00
0.000000000e+00 0.000000000e+00
0.000000000e+00 0.000000000e+00
0.000000000e+00 0.000000000e+00
0.000000000e+00 0.000000000e+00
0.000000000e+00 0.000000000e+00
0.000000000e+00 0.000000000e+00
0.000000000e+00 0.000000000e+00
0.000000000e+00 0.000000000e+00
0.000000000e+00 0.000000000e+00
0.000000000e+00 0.000000000e+00
0.000000000e+00 0.000000000e+00
0.000000000e+00 0.000000000e+00
0.000000000e+00 0.000000000e+00
0.000000000e+00 0.000000000e+00
0.000000000e+00 0.000000000e+00
0.000000000e+00 0.000000000e+00
0.000000000e+00 0.000000000e+00
0.000000000e+00 0.000000000e+00
0.000000000e+00 0.000000000e+00
0.000000000e+00 0.000000000e+00
0.000000000e+00 0.000000000e+00
0.000000000e+00 0.000000000e+00
0.000000000e+00 0.000000000e+00
0.000000000e+00 0.000000000e+00
0.000000000e+00 0.000000000e+00
5.302116053e-05 1.145009148e-04
3.143269655e-03 1.164247195e-03
4.574129273e-02 4.524022661e-03
2.883801662e-01 7.680105799e-03
1.015469880e+00 1.447531266e-02
2.256750065e+00 2.069732599e-02
3.632712351e+00 2.291902406e-02
4.609325287e+00 3.631455682e-02
4.865487327e+00 4.331885568e-02
4.486804190e+00 4.275985679e-02
3.653752567e+00 3.597638578e-02
2.687140339e+00 2.826052329e-02
1.831305288e+00 2.596417848e-02
1.147760850e+00 2.481694209e-02
6.566556130e-01 1.313786909e-02
3.531963669e-01 1.155354080e-02
1.789611385e-01 7.487733299e-03
8.676979031e-02 6.289386661e-03
4.669546482e-02 4.010490184e-03
4.214542134e-02 5.049953465e-03
6.207498324e-02 5.383177641e-03
1.081168877e-01 9.147936945e-03
1.870965237e-01 8.588039597e-03
3.033101391e-01 8.371217312e-03
4.534796178e-01 1.158036612e-02
6.240507067e-01 1.146498956e-02
7.965699961e-01 1.287696485e-02
9.218235895e-01 1.468820628e-02
9.703421425e-01 1.828264031e-02
9.204652945e-01 2.087275142e-02
8.041441997e-01 1.757030917e-02
6.410757147e-01 1.181253508e-02
4.677973046e-01 9.601536558e-03
3.198966993e-01 1.032578768e-02
2.208804209e-01 7.254637421e-03
1.953891837e-01 8.601980985e-03
2.576802521e-01 1.038323488e-02
4.343713024e-01 1.446231982e-02
7.607388875e-01 1.285345141e-02
1.204349450e+00 1.338134011e-02
1.730836458e+00 2.162502270e-02
2.234022518e+00 2.288371989e-02
2.583398865e+00 2.351822112e-02
2.695847550e+00 2.343432258e-02
2.546706764e+00 1.764226832e-02
2.171183420e+00 1.799183833e-02
1.692932872e+00 1.669421558e-02
1.210269952e+00 1.259029193e-02
8.106760670e-01 8.954827864e-03
5.507476521e-01 1.225418908e-02
4.404356262e-01 1.162768671e-02
4.682111915e-01 1.272882782e-02
5.875296767e-01 1.054751799e-02
7.557148578e-01 8.129014960e-03
9.111814136e-01 9.325577418e-03
1.001385196e+00 1.408339546e-02
1.003110273e+00 1.476293521e-02
9.210429411e-01 1.424228397e-02
7.938403404e-01 1.049198815e-02
6.626323704e-01 9.459022112e-03
5.804595746e-01 1.285915973e-02
5.771307598e-01 1.387861711e-02
