0.41838   0.20662   -0.422654
-0.444628   0.0568216   -0.412582
-0.216216   -0.262031   -0.484158
-0.0155395   0.239427   0.304697
0.134864   -0.113942   -0.403085
0.116635   -0.170521   0.409155
-0.451407   -0.306238   -0.205326
-0.321937   -0.263236   0.307504
-0.114949   0.0265845   0.089896
0.353141   0.364523   0.12514
-0.00218993   -0.324049   0.452608
0.354494   -0.395   -0.322399
-0.40999   -0.0927541   0.247698
-0.380989   -0.220512   -0.368191
0.454834   0.469973   0.361549
-0.263111   0.0626335   0.252939
-0.235458   -0.0746822   -0.302754
-0.269765   0.151048   -0.415397
-0.00840026   0.270536   0.052163
-0.425919   0.333284   0.492019
-0.303165   -0.431995   -0.122843
0.45494   -0.0728392   0.042751
0.0120785   0.0313865   0.335938
0.388409   0.426666   -0.450966
0.190681   -0.0697996   0.0447052
-0.107445   -0.367427   0.22261
0.292654   -0.276004   -0.170972
0.0741639   0.0917566   0.139312
-0.121904   0.458416   0.0216097
-0.441811   -0.259474   -0.000945305
-0.0614038   -0.171445   0.334015
0.004389   0.306295   -0.223628
0.0647604   0.0873992   -0.0753591
0.352625   0.0161498   -0.361513
0.132854   0.475506   0.151208
-0.427868   0.25745   -0.276022
0.28758   -0.472249   0.0173947
-0.321715   -0.177338   -0.121629
0.493556   -0.447287   -0.0394703
0.178931   0.289389   0.00755949
-0.00166829   -0.391669   0.0576162
0.375109   -0.0478772   0.235043
0.132083   0.483778   -0.249888
-0.258716   0.229421   0.152331
0.31293   0.133282   0.154905
0.188367   0.0357771   -0.24417
0.312003   0.0888981   -0.0530455
-0.267523   0.100905   -0.203307
-0.119167   -0.13944   -0.095187
0.384466   0.165642   -0.232826
-0.0828972   0.498134   -0.202738
-0.377586   -0.475889   0.257999
0.0730098   0.356696   -0.420668
-0.101963   0.304135   -0.488179
-0.247743   -0.182475   0.0923454
0.352219   -0.0810121   -0.175338
0.219104   -0.167358   0.2322
0.160179   0.447427   0.383174
-0.470995   -0.381824   -0.488408
0.113739   -0.128742   -0.135103
0.00262451   -0.199327   0.0516043
-0.148428   -0.301708   -0.202404
-0.038149   -0.132693   -0.26929
0.162879   0.234372   0.412565
0.185124   0.275836   0.209747
0.461837   -0.474158   0.14903
0.0761954   -0.31376   0.251634
0.208245   0.188539   -0.364629
0.347437   0.275743   0.333932
-0.256202   0.316458   -0.0617705
0.327566   -0.146876   0.412603
-0.45127   0.0949811   0.157496
-0.124988   0.147684   -0.0754907
-0.0948067   0.131566   -0.292185
0.41683   -0.279123   0.139619
-0.439638   0.166616   -0.0416558
-0.350739   0.160541   0.406597
-0.255511   0.33674   0.339614
-0.304427   0.00729108   0.0576097
0.469832   0.0608182   0.382736
-0.32033   -0.433502   0.076861
0.0294054   -0.327257   -0.317055
-0.353391   -0.455855   -0.321809
-0.152762   0.116338   0.423858
-0.0757183   -0.0677759   -0.482437
-0.177299   -0.340085   -0.0152516
-0.47143   -0.14048   0.451735
0.424094   -0.203121   -0.362474
0.219543   0.288462   -0.19236
0.235433   0.0220782   0.364082
0.475862   -0.324378   0.333881
-0.164355   -0.463071   0.393855
-0.48811   0.466201   -0.213346
-0.447245   0.311367   0.263688
0.288723   -0.41515   0.216814
-0.294209   -0.0537254   0.46234
0.038862   0.120541   -0.467773
-0.229429   0.326026   -0.321225
0.32592   0.480829   -0.182971
0.170573   -0.412497   -0.443689
-0.442675   -0.00535752   -0.224673
-0.0307113   0.447882   0.2742
0.402694   0.326748   -0.0978873
0.0541894   0.438319   -0.048391
0.204876   -0.303456   0.057763
-0.445618   0.356129   0.0540091
-0.174708   -0.477274   -0.38432
0.0943081   -0.328322   -0.1041
