0.418427   0.206442   -0.422628
-0.444724   0.0570361   -0.412715
-0.216047   -0.262098   -0.484028
-0.015571   0.239464   0.30483
0.134849   -0.113837   -0.403097
0.116816   -0.17048   0.409137
-0.451414   -0.306301   -0.205308
-0.32172   -0.263274   0.30766
-0.114876   0.0266192   0.0898453
0.353279   0.364454   0.125225
-0.00222614   -0.324012   0.452674
0.354378   -0.395022   -0.322469
-0.410148   -0.092723   0.247739
-0.381119   -0.220421   -0.368467
0.454917   0.469903   0.361542
-0.263083   0.0627123   0.252943
-0.235338   -0.0746497   -0.302653
-0.269644   0.151001   -0.415453
-0.00831135   0.270614   0.0521584
-0.425697   0.333296   0.492063
-0.303212   -0.432006   -0.122655
0.454966   -0.0729312   0.0429044
0.0120755   0.0315462   0.336023
0.388245   0.426782   -0.450976
0.19057   -0.0698508   0.0447511
-0.107353   -0.367584   0.222538
0.292515   -0.276067   -0.171011
0.0742677   0.0917205   0.13932
-0.121966   0.458337   0.0216187
-0.441751   -0.259611   -0.00094255
-0.0611391   -0.171454   0.334136
0.00446843   0.306223   -0.223807
0.0646863   0.0873277   -0.0754883
0.352734   0.0159162   -0.361545
0.133007   0.475359   0.151088
-0.427787   0.257392   -0.276101
0.287493   -0.472215   0.0173916
-0.321862   -0.177418   -0.121662
0.493298   -0.447298   -0.039552
0.178843   0.289381   0.00752253
-0.00148806   -0.391606   0.0576221
0.375124   -0.0478514   0.235165
0.132053   0.483662   -0.249877
-0.258713   0.229294   0.152316
0.313012   0.133202   0.155062
0.188316   0.0357523   -0.244188
0.311947   0.0888204   -0.0530938
-0.267437   0.100794   -0.203464
-0.119068   -0.139555   -0.0950678
0.384505   0.165448   -0.232807
-0.0829327   0.498129   -0.202793
-0.377419   -0.475966   0.25806
0.0731047   0.356732   -0.420667
-0.1021   0.30417   -0.488352
-0.24757   -0.182443   0.0925954
0.352384   -0.0809613   -0.175292
0.21904   -0.167266   0.232243
0.160227   0.447473   0.383006
-0.470993   -0.381831   -0.488284
0.113718   -0.128609   -0.135186
0.00271902   -0.199164   0.0514925
-0.148618   -0.301769   -0.20216
-0.0380494   -0.132784   -0.269311
0.162965   0.234243   0.412627
0.185037   0.276083   0.209517
0.46174   -0.474351   0.148993
0.076137   -0.313778   0.251509
0.208227   0.188535   -0.364639
0.34716   0.275717   0.333981
-0.256176   0.316622   -0.0616854
0.32751   -0.146764   0.412507
-0.451263   0.0949868   0.157414
-0.124907   0.147824   -0.0753926
-0.0948848   0.131701   -0.292262
0.416672   -0.279134   0.139472
-0.439763   0.16658   -0.0416037
-0.350991   0.160475   0.406611
-0.255667   0.336709   0.339564
-0.304345   0.00739455   0.0576789
0.469958   0.0608096   0.382762
-0.320408   -0.433532   0.0770445
0.0294192   -0.327199   -0.317211
-0.353316   -0.456003   -0.321741
-0.152804   0.11639   0.423859
-0.075872   -0.067566   -0.482406
-0.177219   -0.33996   -0.0153144
-0.471348   -0.140377   0.451773
0.424084   -0.202952   -0.362635
0.219824   0.28842   -0.192305
0.235389   0.0219523   0.364312
0.475746   -0.324448   0.333795
-0.164441   -0.463201   0.393876
-0.488112   0.466297   -0.213452
-0.447026   0.311406   0.263666
0.288736   -0.415228   0.216725
-0.294247   -0.0537989   0.462525
0.0389796   0.120682   -0.46774
-0.229566   0.325982   -0.321186
0.32598   0.480723   -0.183128
0.170352   -0.412532   -0.443763
-0.442682   -0.0053512   -0.224794
-0.030717   0.448038   0.274391
0.402589   0.326688   -0.0979554
0.0541142   0.438351   -0.0482844
0.204953   -0.303234   0.0577269
-0.445643   0.356261   0.0539786
-0.174977   -0.477327   -0.384376
0.0942027   -0.328081   -0.103984
