1 0.0490226 0.0490226 0
2 0.049056 0.0490393 1.67363e-05
3 0.0494193 0.049166 0.000127042
4 0.0490485 0.0491366 9.45102e-05
5 0.049098 0.0491289 7.36129e-05
6 0.0487483 0.0490655 8.73834e-05
7 0.0487759 0.0490241 8.4646e-05
8 0.0490894 0.0490323 7.37589e-05
9 0.0489585 0.0490241 6.55631e-05
10 0.0489822 0.0490199 5.87909e-05
11 0.0489116 0.04901 5.40825e-05
12 0.0492273 0.0490281 5.25867e-05
13 0.0489039 0.0490186 4.93075e-05
14 0.0489462 0.0490134 4.5942e-05
15 0.0489308 0.0490079 4.31227e-05
16 0.0488741 0.0489995 4.11959e-05
17 0.0492961 0.049017 4.24462e-05
18 0.0489324 0.0490123 4.02934e-05
19 0.0489108 0.049007 3.84862e-05
20 0.049211 0.0490172 3.79094e-05
