0.000000000e+00 0.000000000e+00
0.000000000e+00 0.000000000e+00
0.000000000e+00 0.000000000e+00
0.000000000e+00 0.000000000e+00
0.000000000e+00 0.000000000e+00
0.000000000e+00 0.000000000e+00
0.000000000e+00 0.000000000e+00
0.000000000e+00 0.000000000e+00
0.000000000e+00 0.000000000e+00
0.000000000e+00 0.000000000e+00
0.000000000e+00 0.000000000e+00
0.000000000e+00 0.000000000e+00
0.000000000e+00 0.000000000e+00
9.578919394e-04 1.740509028e-03
1.445424116e-01 2.505799454e-02
1.035665798e+00 1.194562073e-01
1.922592129e+00 2.727971108e-01
2.081688671e+00 3.009560202e-01
1.883213279e+00 2.311840455e-01
1.718563184e+00 2.065232725e-01
1.542788515e+00 1.855257675e-01
1.396995557e+00 1.567719277e-01
1.274890523e+00 1.356363140e-01
1.203268067e+00 1.332091882e-01
1.174583358e+00 1.372181256e-01
1.112054935e+00 1.406642116e-01
1.091460398e+00 1.453151261e-01
1.094502523e+00 1.329318941e-01
1.079027519e+00 1.061190260e-01
1.053323206e+00 1.046091501e-01
1.057863762e+00 1.067004819e-01
1.060628142e+00 7.328427753e-02
1.051795537e+00 7.654594334e-02
1.028788838e+00 7.410759672e-02
1.011060951e+00 7.943712403e-02
1.024349382e+00 8.535311156e-02
1.017274279e+00 7.820146957e-02
1.019493768e+00 8.509785626e-02
1.003179504e+00 7.238196931e-02
9.785467862e-01 6.186482571e-02
1.019118797e+00 6.151153528e-02
1.012198799e+00 6.057853562e-02
1.009658165e+00 5.735399415e-02
9.917679367e-01 4.758712848e-02
9.965392090e-01 4.782881931e-02
1.012932355e+00 5.625558651e-02
9.936308773e-01 5.092739016e-02
9.794103453e-01 5.207991979e-02
9.838147534e-01 6.258118711e-02
9.935457547e-01 6.067715545e-02
9.931307553e-01 5.512895649e-02
9.868988330e-01 5.638869485e-02
9.820905998e-01 4.830935010e-02
9.887682208e-01 5.056832666e-02
9.927984821e-01 4.507897287e-02
9.945912618e-01 5.051617880e-02
9.884995531e-01 4.700647637e-02
9.867748174e-01 4.318356260e-02
1.000268909e+00 3.886278304e-02
1.001772489e+00 4.638548209e-02
1.005456307e+00 4.631037366e-02
9.941769005e-01 5.184579049e-02
9.862959110e-01 4.091248326e-02
9.885443523e-01 2.708986500e-02
9.895298506e-01 3.053556157e-02
9.893714442e-01 3.331101438e-02
9.823406663e-01 2.888309385e-02
9.732805266e-01 3.247231374e-02
9.775914499e-01 3.440445207e-02
9.828365633e-01 2.743674317e-02
9.874863858e-01 3.134236885e-02
9.800780707e-01 3.396737946e-02
9.730982495e-01 2.284123739e-02
9.764829980e-01 2.271795366e-02
9.801352792e-01 2.853975822e-02
9.866931789e-01 3.111098960e-02
9.816677648e-01 2.929949935e-02
9.802363085e-01 2.879273060e-02
9.748729659e-01 2.851316725e-02
9.794895530e-01 2.905197692e-02
9.744353037e-01 2.713765027e-02
9.814612507e-01 3.024192891e-02
9.783929839e-01 2.064160806e-02
9.706383635e-01 2.112959913e-02
9.726753037e-01 2.923325819e-02
9.786024210e-01 2.529168223e-02
9.726841519e-01 2.185874977e-02
9.791733926e-01 2.084011392e-02
9.764080475e-01 2.065655836e-02
9.798378183e-01 2.016593287e-02
9.833933959e-01 2.205448326e-02
9.832520226e-01 2.001928754e-02
9.854620231e-01 2.995572357e-02
9.894290235e-01 2.900833044e-02
9.807148983e-01 3.413317002e-02
9.843323476e-01 3.421455652e-02
9.864513207e-01 2.844797421e-02
9.824595081e-01 2.670469197e-02
9.814874461e-01 2.648556259e-02
9.856156857e-01 2.314949270e-02
