1 -0.415868 -0.415868 0
2 -0.41291 -0.414389 0.00147893
3 -0.412543 -0.413774 0.00105252
4 -0.412049 -0.413342 0.000860119
5 -0.410968 -0.412867 0.0008182
6 -0.41665 -0.413498 0.000918545
7 -0.415395 -0.413769 0.000822251
8 -0.414559 -0.413868 0.000718912
9 -0.414742 -0.413965 0.000641419
10 -0.416857 -0.414254 0.000642496
11 -0.412242 -0.414071 0.000609259
12 -0.413176 -0.413997 0.000561156
13 -0.414882 -0.414065 0.000520658
14 -0.417798 -0.414331 0.000550873
15 -0.416623 -0.414484 0.000535117
16 -0.416037 -0.414581 0.000509877
17 -0.410691 -0.414352 0.000530817
18 -0.415438 -0.414413 0.000504082
19 -0.414662 -0.414426 0.000476995
20 -0.413513 -0.41438 0.000454812
