3.231652e-02 0.000000e+00 0.000000e+00
9.694956e-02 0.000000e+00 0.000000e+00
1.615826e-01 0.000000e+00 0.000000e+00
2.262156e-01 0.000000e+00 0.000000e+00
2.908487e-01 0.000000e+00 0.000000e+00
3.554817e-01 0.000000e+00 0.000000e+00
4.201148e-01 0.000000e+00 0.000000e+00
4.847478e-01 0.000000e+00 0.000000e+00
5.493808e-01 0.000000e+00 0.000000e+00
6.140139e-01 0.000000e+00 0.000000e+00
6.786469e-01 0.000000e+00 0.000000e+00
7.432800e-01 0.000000e+00 0.000000e+00
8.079130e-01 0.000000e+00 0.000000e+00
8.725460e-01 8.980237e-04 9.295066e-05
9.371791e-01 1.502305e-01 1.178673e-03
1.001812e+00 1.058862e+00 2.290944e-03
1.066445e+00 2.041739e+00 6.140907e-03
1.131078e+00 2.278269e+00 5.545881e-03
1.195711e+00 2.081190e+00 5.341166e-03
1.260344e+00 1.830638e+00 3.002359e-03
1.324977e+00 1.618044e+00 4.233330e-03
1.389610e+00 1.453257e+00 3.144341e-03
1.454243e+00 1.335421e+00 3.331570e-03
1.518876e+00 1.252394e+00 2.460066e-03
1.583509e+00 1.190528e+00 2.170219e-03
1.648143e+00 1.141083e+00 2.267552e-03
1.712776e+00 1.110826e+00 1.818327e-03
1.777409e+00 1.092654e+00 1.693588e-03
1.842042e+00 1.076774e+00 1.863289e-03
1.906675e+00 1.066005e+00 1.774939e-03
1.971308e+00 1.060392e+00 1.597954e-03
2.035941e+00 1.057797e+00 1.187965e-03
2.100574e+00 1.057172e+00 1.913864e-03
2.165207e+00 1.052017e+00 1.227299e-03
2.229840e+00 1.046606e+00 1.133835e-03
2.294473e+00 1.043084e+00 1.574154e-03
2.359106e+00 1.038352e+00 1.511613e-03
2.423739e+00 1.032264e+00 1.580387e-03
2.488372e+00 1.026671e+00 9.096938e-04
2.553005e+00 1.021605e+00 1.609577e-03
2.617638e+00 1.017838e+00 1.483486e-03
2.682271e+00 1.011076e+00 1.152434e-03
2.746904e+00 1.011196e+00 1.244384e-03
2.811537e+00 1.008027e+00 1.172564e-03
2.876170e+00 1.004621e+00 1.239276e-03
2.940803e+00 1.003651e+00 1.013990e-03
3.005436e+00 1.003266e+00 9.806568e-04
3.070069e+00 1.000380e+00 1.290158e-03
3.134702e+00 9.984420e-01 9.057777e-04
3.199336e+00 9.991857e-01 9.468265e-04
3.263969e+00 9.964347e-01 1.098960e-03
3.328602e+00 9.962018e-01 1.005429e-03
3.393235e+00 9.954179e-01 6.868168e-04
3.457868e+00 9.946401e-01 7.578623e-04
3.522501e+00 9.933949e-01 8.804343e-04
3.587134e+00 9.938106e-01 7.651904e-04
3.651767e+00 9.916413e-01 8.712313e-04
3.716400e+00 9.915861e-01 1.017114e-03
3.781033e+00 9.919548e-01 7.883067e-04
3.845666e+00 9.906562e-01 8.116721e-04
3.910299e+00 9.908490e-01 8.161465e-04
3.974932e+00 9.906170e-01 6.398210e-04
4.039565e+00 9.893365e-01 6.402230e-04
4.104198e+00 9.891824e-01 9.393549e-04
4.168831e+00 9.895844e-01 8.866640e-04
4.233464e+00 9.872899e-01 7.616862e-04
4.298097e+00 9.873806e-01 6.360747e-04
4.362730e+00 9.879283e-01 4.048214e-04
4.427363e+00 9.874019e-01 7.805805e-04
4.491996e+00 9.873100e-01 3.344026e-04
4.556629e+00 9.875648e-01 6.017402e-04
4.621262e+00 9.878415e-01 6.198641e-04
4.685895e+00 9.876553e-01 5.915966e-04
4.750528e+00 9.873215e-01 9.728379e-04
4.815162e+00 9.869787e-01 4.726373e-04
4.879795e+00 9.864078e-01 6.788394e-04
4.944428e+00 9.872760e-01 6.413416e-04
5.009061e+00 9.866394e-01 5.494754e-04
5.073694e+00 9.860394e-01 4.984570e-04
5.138327e+00 9.857376e-01 5.549570e-04
5.202960e+00 9.868765e-01 5.212665e-04
5.267593e+00 9.855947e-01 5.141604e-04
5.332226e+00 9.872116e-01 4.813543e-04
5.396859e+00 9.872135e-01 3.794059e-04
5.461492e+00 9.859269e-01 5.475017e-04
5.526125e+00 9.853994e-01 7.078507e-04
5.590758e+00 9.849029e-01 6.496732e-04
5.655391e+00 9.864270e-01 5.530195e-04
5.720024e+00 9.861469e-01 6.360524e-04
5.784657e+00 9.867350e-01 6.243850e-04
5.849290e+00 9.859574e-01 5.792494e-04
5.913923e+00 9.861809e-01 4.587423e-04
5.978556e+00 9.855111e-01 6.064713e-04
6.043189e+00 9.849467e-01 3.789035e-04
6.107822e+00 9.862990e-01 5.282599e-04
6.172455e+00 9.856620e-01 4.593927e-04
6.237088e+00 9.855356e-01 5.477589e-04
6.301721e+00 9.870486e-01 3.678878e-04
6.366355e+00 9.865643e-01 5.157599e-04
6.430988e+00 9.846396e-01 4.805850e-04
