0.492766   -0.496009   0.494203
-0.338838   -0.344715   0.49891
0.498363   -0.333424   -0.349018
-0.341079   0.483286   -0.328151
-0.183861   0.493694   -0.490602
-0.00546364   -0.337771   -0.482671
-0.165713   -0.336048   -0.329578
0.0178287   0.486936   -0.335263
0.166616   0.474539   -0.489629
0.3353   -0.3193   -0.499593
0.176875   -0.341483   -0.332546
0.350017   0.499529   -0.336276
0.486561   -0.159401   0.496957
-0.335106   0.000130198   0.488375
0.493799   -0.00940802   -0.32472
-0.331435   -0.169487   -0.370022
-0.152087   -0.154178   0.49831
-0.00183513   0.0014107   0.489813
-0.172264   -0.00206526   -0.329381
0.0112644   -0.166304   -0.319929
0.144555   -0.159263   -0.491532
0.340313   0.010659   0.494399
0.157039   -0.0027588   -0.339469
0.334212   -0.152199   -0.337298
-0.49466   0.159571   -0.497846
-0.333089   0.33406   0.499443
-0.499862   0.318171   -0.328115
-0.340917   0.150845   -0.321064
-0.166328   0.173284   -0.467534
-0.00900922   0.327708   -0.493732
-0.172747   0.336113   -0.306157
0.0180655   0.163133   -0.339608
0.16343   0.157166   0.498771
0.339859   0.324498   0.476887
0.185961   0.33548   -0.322796
0.329804   0.160454   -0.332605
-0.496989   0.490052   -0.172016
-0.329769   -0.33587   -0.171018
-0.497802   -0.336136   -0.0097475
-0.337317   -0.488613   0.0186071
-0.136954   0.495875   -0.165481
-0.00109249   -0.327835   -0.180117
-0.171133   -0.33398   -0.016351
0.0180484   -0.49373   0.0101495
0.16449   0.494545   -0.170774
0.3359   -0.334628   -0.178064
0.173718   -0.319365   0.0108182
0.341974   0.495922   -0.0190647
0.490002   -0.175493   -0.173725
-0.342254   -0.0257461   -0.182795
-0.497707   0.010472   -0.00468585
-0.34644   -0.154477   -0.0113369
-0.152157   -0.181127   -0.165683
0.00886393   -0.000908357   -0.174859
-0.164254   -0.0168822   0.00903238
0.0215678   -0.149074   0.0124339
0.178007   -0.155991   -0.147526
0.335333   0.0126011   -0.166657
0.177888   0.0109416   -0.00134018
0.346435   -0.165008   -0.00796484
-0.488827   0.172431   -0.147919
-0.337198   0.337502   -0.14193
-0.490798   0.342874   0.0197879
-0.327929   0.176789   0.014114
-0.176727   0.137183   -0.155952
-0.000325656   0.309511   -0.165398
-0.169761   0.341884   -0.0144841
-0.0146791   0.178346   0.00944289
0.17009   0.172653   -0.17943
0.338332   0.317197   -0.1728
0.163887   0.326714   -0.0105077
0.34157   0.163479   0.00699843
0.487207   -0.490833   0.173149
-0.351564   -0.325598   0.166815
0.488552   -0.32214   0.312674
-0.33626   0.492544   0.350295
-0.179602   -0.485626   0.147913
0.00967727   -0.337663   0.172144
-0.166522   -0.352395   0.320801
3.81835e-05   0.492492   0.343449
0.166268   -0.493284   0.171886
0.333063   -0.331633   0.166054
0.163637   -0.343517   0.372276
0.32388   -0.480953   0.339912
-0.499727   -0.158394   0.140573
-0.332726   0.00812959   0.158657
0.490585   0.00255186   0.339555
-0.35576   -0.166203   0.345014
-0.14798   -0.186173   0.17148
0.0134314   0.00334024   0.173886
-0.16033   0.0127169   0.33501
0.0020351   -0.171454   0.327068
0.152937   -0.167115   0.178379
0.33427   0.000199797   0.163059
0.176888   -0.0025988   0.336406
0.317075   -0.182872   0.330337
0.496904   0.172449   0.165094
-0.32486   0.347292   0.165468
0.483257   0.342822   0.305963
-0.342723   0.179093   0.34229
-0.156527   0.176429   0.165161
0.00360315   0.352619   0.165812
-0.186016   0.329406   0.331589
-0.00285423   0.176491   0.337259
0.176901   0.153331   0.158035
0.313939   0.340777   0.143692
0.16199   0.341615   0.318767
0.322972   0.175178   0.319395
