-0.452093   -0.380126   -0.426601
-0.362295   0.296642   0.0525982
-0.431015   0.235307   -0.142323
-0.167025   0.115772   -0.396883
-0.163734   0.0688185   0.244584
-0.00619372   0.148461   0.191039
0.0287799   0.153433   -0.072359
-0.419491   0.254783   0.128275
-0.0811061   -0.14781   -0.286548
-0.425577   0.496948   0.46617
0.310418   -0.255055   -0.484147
0.424841   0.0646503   -0.0398037
-0.0196246   -0.331392   0.134327
0.307425   -0.194549   -0.313323
-0.211731   0.498698   0.188338
-0.280825   -0.222406   -0.451545
0.134824   0.445016   -0.144059
0.202172   -0.22852   0.379748
0.0616075   -0.124094   0.166706
0.359099   -0.460169   -0.26837
0.133227   0.0292673   -0.182439
0.45075   0.215706   0.132756
0.432324   0.265484   -0.256165
-0.355949   -0.285147   -0.0650997
-0.384262   -0.0217923   -0.0201847
-0.344882   0.389507   0.142052
0.399704   -0.0376657   -0.34892
-0.200137   -0.199516   0.0381979
-0.160828   -0.373415   0.309321
-0.226649   0.0297084   -0.239684
-0.307829   0.277803   -0.234484
-0.000542733   0.253302   0.120902
-0.25057   -0.118873   -0.405974
0.251688   -0.292784   0.0935682
0.325133   0.36164   0.480878
0.124343   0.119704   -0.131966
-0.224369   0.478743   0.453154
0.289136   0.0492039   -0.491204
-0.253961   0.477971   -0.0599312
0.470427   -0.452839   0.264139
-0.279145   -0.282131   -0.00324286
0.283989   -0.437756   -0.229008
-0.210933   0.139941   0.250722
0.0658439   0.333438   -0.15909
-0.410869   -0.017727   -0.242498
-0.174697   0.285333   -0.049249
-0.159983   0.0491296   0.339
0.405587   -0.417742   0.495815
0.141765   0.468688   0.474025
-0.0194257   -0.301316   0.450764
0.188327   -0.377233   0.102576
0.454797   0.197518   -0.364456
0.200675   0.0259048   -0.288911
-0.206524   -0.33281   0.239265
-0.453721   0.219622   0.0645689
0.27989   -0.269534   0.386326
0.36737   0.0994054   0.249406
-0.481676   0.260932   0.416959
-0.431625   -0.253342   0.230051
-0.0852698   0.426233   0.277985
0.307401   -0.342254   -0.318557
-0.464806   0.384864   -0.00850564
-0.258471   -0.454407   -0.300395
0.384068   -0.0225831   -0.195172
-0.125767   -0.464368   -0.37383
-0.110852   -0.029967   0.141381
0.393208   -0.247215   0.46211
0.411174   -0.011394   0.412981
-0.229667   0.0587664   -0.0471893
-0.360253   0.192336   0.317821
-0.199925   -0.0914891   0.0851835
0.482721   0.145915   0.0708867
-0.353387   0.361737   -0.481846
-0.41963   -0.104537   -0.24356
-0.0623609   0.487917   -0.40653
-0.316762   -0.263255   -0.369195
-0.063458   0.40411   -0.0309632
-0.0933921   -0.153007   0.0883538
-0.40187   0.422049   -0.34209
0.180319   -0.460763   0.497714
-0.36391   -0.22188   -0.441232
-0.465969   -0.331819   -0.485179
0.251085   0.456733   0.203364
-0.226829   -0.3009   -0.342088
-0.422073   -0.221388   -0.369925
-0.35043   0.213567   0.145474
-0.485195   -0.431033   0.349346
-0.496896   0.462079   -0.266214
0.355056   0.0950251   0.134289
0.193847   0.398167   -0.470664
-0.32899   0.0622069   -0.227067
0.278046   0.425805   -0.456657
-0.324707   -0.0707926   -0.057567
0.0931556   0.422253   0.226259
-0.141693   -0.487502   -0.051488
-0.183206   -0.118273   0.447625
0.062533   0.40935   -0.0932064
-0.252344   -0.433773   0.214087
-0.237869   0.232568   -0.342421
-0.463056   0.171566   -0.453965
-0.313783   -0.487241   -0.0173795
-0.433265   0.0383302   -0.168142
0.279984   -0.481168   -0.303689
0.445534   0.306246   0.471257
0.276545   0.318844   -0.0403892
0.184472   -0.328662   0.0296315
-0.392199   0.450231   -0.419956
0.314256   0.222056   -0.338402
