-0.452033   -0.380133   -0.426606
-0.362246   0.296684   0.0526795
-0.431058   0.23529   -0.142323
-0.16705   0.115844   -0.396838
-0.163695   0.0689365   0.24451
-0.00611811   0.148472   0.191026
0.0287634   0.153445   -0.0724017
-0.41947   0.254803   0.128337
-0.0811214   -0.147787   -0.286631
-0.425535   0.49688   0.466177
0.310418   -0.255021   -0.484196
0.424873   0.0646436   -0.0398252
-0.0196379   -0.331409   0.134296
0.307394   -0.194421   -0.313357
-0.211701   0.49869   0.188384
-0.280853   -0.222476   -0.451577
0.134755   0.444957   -0.144042
0.202188   -0.228494   0.379817
0.0615696   -0.12409   0.166682
0.359043   -0.460145   -0.268482
0.133229   0.0292354   -0.182403
0.450817   0.215773   0.132741
0.432343   0.26549   -0.256198
-0.355865   -0.285214   -0.0650191
-0.384252   -0.0217794   -0.0201282
-0.344876   0.389538   0.142069
0.399767   -0.0376808   -0.348939
-0.200197   -0.19961   0.0382142
-0.160813   -0.373457   0.309232
-0.226661   0.0297533   -0.239684
-0.307794   0.277788   -0.234512
-0.000491318   0.253232   0.120956
-0.250621   -0.118881   -0.405971
0.251632   -0.292743   0.0934736
0.325118   0.361644   0.480774
0.124331   0.119731   -0.131945
-0.224351   0.478751   0.453155
0.289109   0.0492251   -0.491196
-0.253984   0.478034   -0.0599669
0.470426   -0.452836   0.264121
-0.279158   -0.282176   -0.0032817
0.283953   -0.437792   -0.229006
-0.210897   0.13996   0.250645
0.0657903   0.333423   -0.159071
-0.410864   -0.0176811   -0.24252
-0.17465   0.285384   -0.049275
-0.16003   0.0491318   0.338992
0.405561   -0.417774   0.49582
0.1417   0.46872   0.473984
-0.0195174   -0.301338   0.450837
0.188327   -0.377233   0.102578
0.454816   0.197491   -0.364439
0.20061   0.0259398   -0.288875
-0.206541   -0.332883   0.23925
-0.453806   0.21956   0.0646148
0.279875   -0.269558   0.386332
0.36742   0.0994055   0.249326
-0.481687   0.260949   0.41694
-0.43161   -0.253341   0.230037
-0.0853065   0.426208   0.277982
0.307368   -0.342318   -0.31854
-0.464793   0.384807   -0.00859322
-0.258428   -0.454339   -0.300386
0.384104   -0.0225864   -0.195211
-0.125794   -0.464332   -0.373777
-0.110798   -0.0298533   0.141394
0.393246   -0.247249   0.462155
0.411147   -0.0114231   0.413035
-0.229658   0.0587811   -0.0471476
-0.360204   0.192324   0.317817
-0.199891   -0.0915729   0.0851829
0.482726   0.145904   0.0709186
-0.353405   0.361796   -0.481836
-0.419657   -0.104475   -0.243509
-0.0623779   0.487912   -0.406485
-0.316825   -0.263252   -0.369175
-0.0634735   0.40412   -0.0309781
-0.0934156   -0.153059   0.0883611
-0.401911   0.422064   -0.342074
0.180254   -0.460794   0.497685
-0.363888   -0.221873   -0.441223
-0.46594   -0.331829   -0.485079
0.251128   0.456689   0.203433
-0.226813   -0.300849   -0.342071
-0.422079   -0.221367   -0.369934
-0.350441   0.213507   0.145564
-0.485238   -0.431016   0.349324
-0.496871   0.462007   -0.266218
0.355008   0.0950524   0.134319
0.193931   0.398151   -0.470735
-0.329013   0.0622573   -0.227066
0.278062   0.42582   -0.456591
-0.324721   -0.0708309   -0.0575212
0.0931588   0.422293   0.226251
-0.141663   -0.487485   -0.051444
-0.183191   -0.118321   0.447552
0.0625712   0.409361   -0.0932356
-0.252274   -0.433778   0.214115
-0.237852   0.232552   -0.342428
-0.462965   0.17155   -0.453999
-0.313848   -0.487233   -0.0173967
-0.433247   0.038378   -0.168133
0.280026   -0.48116   -0.303743
0.445535   0.306239   0.471318
0.276561   0.31885   -0.0403673
0.184395   -0.328733   0.0295877
-0.39218   0.450244   -0.419922
0.314268   0.222037   -0.338423
