0.000000000e+00 0.000000000e+00
0.000000000e+00 0.000000000e+00
0.000000000e+00 0.000000000e+00
0.000000000e+00 0.000000000e+00
0.000000000e+00 0.000000000e+00
0.000000000e+00 0.000000000e+00
0.000000000e+00 0.000000000e+00
0.000000000e+00 0.000000000e+00
0.000000000e+00 0.000000000e+00
0.000000000e+00 0.000000000e+00
0.000000000e+00 0.000000000e+00
0.000000000e+00 0.000000000e+00
0.000000000e+00 0.000000000e+00
0.000000000e+00 0.000000000e+00
0.000000000e+00 0.000000000e+00
0.000000000e+00 0.000000000e+00
0.000000000e+00 0.000000000e+00
0.000000000e+00 0.000000000e+00
0.000000000e+00 0.000000000e+00
0.000000000e+00 0.000000000e+00
0.000000000e+00 0.000000000e+00
0.000000000e+00 0.000000000e+00
0.000000000e+00 0.000000000e+00
0.000000000e+00 0.000000000e+00
0.000000000e+00 0.000000000e+00
0.000000000e+00 0.000000000e+00
0.000000000e+00 0.000000000e+00
0.000000000e+00 0.000000000e+00
0.000000000e+00 0.000000000e+00
0.000000000e+00 0.000000000e+00
0.000000000e+00 0.000000000e+00
0.000000000e+00 0.000000000e+00
0.000000000e+00 0.000000000e+00
0.000000000e+00 0.000000000e+00
0.000000000e+00 0.000000000e+00
0.000000000e+00 0.000000000e+00
0.000000000e+00 0.000000000e+00
0.000000000e+00 0.000000000e+00
0.000000000e+00 0.000000000e+00
2.098777869e-04 3.715093731e-04
4.006147992e-03 1.080364355e-03
2.950926364e-02 3.691379417e-03
1.017609162e-01 5.734260123e-03
2.265473809e-01 1.180727683e-02
3.630274308e-01 1.623804002e-02
4.588928351e-01 1.140543977e-02
4.852569891e-01 1.835584924e-02
4.453457324e-01 1.397791936e-02
3.650533460e-01 1.422248248e-02
2.720381427e-01 1.027213607e-02
1.848967598e-01 8.692775715e-03
1.138296175e-01 7.703428885e-03
6.615327537e-02 5.002165334e-03
3.589038961e-02 3.866346034e-03
1.853670321e-02 2.185757413e-03
8.331391086e-03 1.949196288e-03
5.012891968e-03 1.767169921e-03
4.163236272e-03 1.109527169e-03
6.618482142e-03 1.899142742e-03
1.238877558e-02 3.242086062e-03
2.030007869e-02 2.859793036e-03
3.106536757e-02 4.207435085e-03
4.600470883e-02 3.875715895e-03
6.207677923e-02 4.027413538e-03
7.736341127e-02 4.477009629e-03
9.127999075e-02 7.276176026e-03
9.561497269e-02 5.740903174e-03
8.971960319e-02 5.806564150e-03
7.786270084e-02 4.352947729e-03
6.483597620e-02 4.070182470e-03
4.806221682e-02 3.329137193e-03
3.268600918e-02 2.949003329e-03
2.288347062e-02 2.459550594e-03
2.017573196e-02 2.677521548e-03
2.713096533e-02 3.174195349e-03
4.538674376e-02 4.967356436e-03
7.743523051e-02 5.974390176e-03
1.208396643e-01 5.970271546e-03
1.691796326e-01 5.803935428e-03
2.213702083e-01 6.837994825e-03
2.570782464e-01 9.397209297e-03
2.698503769e-01 1.381431274e-02
2.544728641e-01 9.981862764e-03
2.181948107e-01 6.622630872e-03
1.694557503e-01 5.783059030e-03
1.208362954e-01 5.459819890e-03
8.082598367e-02 4.628618042e-03
5.590915380e-02 5.511414266e-03
4.448851748e-02 4.022021475e-03
4.738508782e-02 4.271378361e-03
5.860401530e-02 3.469331300e-03
7.611934900e-02 2.849269468e-03
9.111729935e-02 2.902481679e-03
1.004388911e-01 4.961347154e-03
9.942824744e-02 3.643105414e-03
9.203914773e-02 4.052793138e-03
8.017305790e-02 2.078780099e-03
6.706326994e-02 2.993270252e-03
5.903785737e-02 4.786727542e-03
5.945478825e-02 5.140553768e-03
