0 0 0
1 -0.267301 0.325558
2 0.113422 0.248509
3 0.246972 0.26889
4 0.176826 0.354952
5 -0.188562 0.258116
6 0.503201 0.237977
7 0.471973 0.190905
8 0.608008 0.224449
9 0.201452 0.244972
10 0.430216 0.302768
11 0.183103 0.228074
12 0.390364 0.212512
13 0.468819 0.217424
14 0.534108 0.324607
15 0.424639 0.226906
16 0.311791 0.293784
17 -0.00434229 0.229043
18 0.201717 0.195424
19 0.323798 0.203405
20 0.778013 0.258791
21 0.28729 0.266639
22 0.820639 0.241563
23 0.775532 0.236453
24 0.176723 0.313868
25 0.587483 0.215525
26 0.187866 0.280876
27 0.122406 0.172365
28 0.592298 0.245746
29 0.365728 0.193728
30 0.31286 0.237174
31 0.327468 0.205019
32 0.36225 0.214138
33 1.00746 0.196514
34 0.461843 0.291293
35 0.313646 0.294301
36 0.644769 0.223327
37 0.41028 0.196034
38 0.434325 0.168272
39 0.220766 0.238827
40 0.253005 0.206955
41 0.689626 0.191617
42 0.744728 0.213633
43 0.0959977 0.231618
44 0.74809 0.169264
45 0.239792 0.2244
46 0.558597 0.239844
47 0.183805 0.278067
48 0.643239 0.226283
49 0.562534 0.180627
50 0.395243 0.22197
51 0.221533 0.236454
52 0.140707 0.155208
53 -0.0291019 0.155583
54 0.344159 0.204881
55 0.0233018 0.230653
56 0.232649 0.235364
57 0.404498 0.254875
58 0.550555 0.254756
59 0.515225 0.164334
60 0.460484 0.127576
61 0.00392329 0.170771
62 0.234553 0.201397
63 0.258416 0.157215
64 0.332683 0.242722
65 0.622623 0.205343
66 0.300498 0.220689
67 0.524182 0.174047
68 0.584043 0.193968
69 0.359657 0.226854
70 0.549119 0.215257
71 0.366808 0.274073
72 0.528288 0.155186
73 0.464746 0.174963
74 0.452006 0.183793
75 0.124881 0.199851
76 0.503393 0.21951
77 -0.0272745 0.206527
78 0.133447 0.182491
79 -0.158133 0.189132
80 0.118133 0.208449
81 0.367115 0.267556
82 0.390955 0.187657
83 0.639931 0.188889
84 0.427008 0.21035
85 0.222428 0.19814
86 0.338969 0.215781
87 0.166549 0.163493
88 0.415306 0.209068
89 0.249811 0.197793
90 0.0437404 0.23921
91 0.531715 0.186502
92 0.606039 0.227333
93 0.236011 0.241503
94 0.345194 0.228807
95 0.854113 0.196137
96 0.310466 0.181903
97 0.532546 0.156573
98 0.187943 0.177436
99 0.245712 0.166229
100 0.371996 0.201616
101 0.223897 0.183246
102 0.324123 0.23537
103 -0.12491 0.255888
104 0.390147 0.25225
105 0.320366 0.191502
106 0.399844 0.339286
107 0.597326 0.251283
108 0.282283 0.215368
109 0.462662 0.298119
110 -0.0202937 0.282084
111 0.0186888 0.225634
112 0.707911 0.258433
113 0.139851 0.265608
114 0.266933 0.195521
115 0.485041 0.242877
116 0.445137 0.304317
117 0.253076 0.241115
118 -0.00655478 0.280142
119 0.0283672 0.245505
120 0.534727 0.217144
121 0.598116 0.280246
122 0.419819 0.234552
123 0.0537228 0.199485
124 0.40633 0.230334
125 0.11565 0.302404
126 0.667559 0.227771
127 0.33034 0.251695
128 0.874292 0.199755
129 0.566191 0.284523
130 0.555484 0.173268
131 0.522714 0.243928
132 0.379608 0.200115
133 0.195447 0.166039
134 0.441305 0.203307
135 0.557652 0.219436
136 -0.077193 0.216878
137 0.18326 0.224444
138 0.26729 0.234676
139 0.276779 0.189542
140 0.425041 0.188304
141 0.0491073 0.254627
142 0.075157 0.195121
143 0.328202 0.191162
144 0.191371 0.219445
145 -0.0410326 0.267136
146 0.556051 0.155973
147 0.453261 0.226782
148 0.178644 0.233438
149 0.215497 0.16767
150 0.227321 0.247767
151 0.452473 0.151137
152 0.0447121 0.241845
153 0.32706 0.217669
154 0.14198 0.270762
155 0.72834 0.172071
156 0.770664 0.231038
157 0.0797156 0.281304
158 0.464728 0.249925
159 0.0576811 0.2206
160 0.278805 0.158406
161 0.364772 0.173258
162 0.615667 0.164461
163 0.275307 0.166218
164 0.247591 0.171641
165 0.536767 0.238387
166 0.305303 0.242992
167 0.124737 0.197593
168 0.157526 0.197336
169 0.406732 0.2712
170 -0.185311 0.157532
171 0.433292 0.194269
172 0.0231279 0.199875
173 0.746018 0.226919
174 0.0682794 0.206642
175 0.202709 0.164639
176 0.0557289 0.244234
177 0.244969 0.25184
178 0.0619764 0.2398
179 0.22051 0.212683
180 0.193069 0.217381
181 0.462235 0.214226
182 0.482252 0.172696
183 0.206474 0.225795
184 0.376193 0.192657
185 0.525658 0.211021
186 -0.213053 0.306655
187 0.0983662 0.241788
188 0.476507 0.175628
189 0.407023 0.190891
190 0.308809 0.203548
191 0.383545 0.222024
192 0.106844 0.214761
193 0.281162 0.214103
194 0.23116 0.235742
195 0.5859 0.216852
196 0.589195 0.233729
197 -0.013076 0.255892
198 0.102266 0.200645
199 0.272361 0.178222
200 0.0370622 0.242655
201 0.186215 0.233793
202 0.340758 0.201416
203 0.450285 0.194281
204 0.122228 0.17313
205 0.868374 0.189852
206 0.361066 0.203697
207 0.401797 0.247279
208 0.244377 0.161398
209 0.567153 0.201966
210 0.321348 0.23386
211 0.1649 0.220115
212 0.484895 0.219912
213 0.363418 0.1665
214 0.357889 0.186565
215 -0.285845 0.228409
216 0.448 0.251225
217 0.249761 0.216828
218 0.237531 0.178007
219 0.100368 0.280291
220 0.180042 0.162862
221 0.246885 0.119308
222 0.263654 0.207711
223 0.231584 0.179343
224 0.172867 0.177584
225 0.269944 0.213892
226 0.249832 0.199431
227 0.299558 0.185582
228 0.363892 0.151624
229 0.197174 0.167762
230 0.0225889 0.179722
231 0.376974 0.184374
232 0.323875 0.192325
233 0.346748 0.273123
234 0.172064 0.196559
235 0.514001 0.230067
236 0.571202 0.290622
237 0.0387959 0.246148
238 -0.0270778 0.211721
239 0.508057 0.237935
240 0.00121534 0.270307
241 0.312946 0.185343
242 0.634723 0.186388
243 0.0208187 0.166637
244 0.306059 0.209847
245 0.515928 0.239524
246 0.167175 0.285044
247 0.450681 0.129158
248 0.308322 0.20047
249 0.21382 0.171154
250 0.158152 0.266738
251 0.342863 0.215316
252 0.320327 0.198731
253 0.490553 0.154623
254 0.24738 0.243456
255 0.567937 0.153732
256 0.362189 0.231318
257 -0.0453987 0.246741
258 0.75645 0.203934
259 0.47686 0.214332
260 0.0397334 0.210551
261 0.350136 0.263222
262 0.337371 0.11475
263 0.102759 0.232602
264 0.0917881 0.152244
265 0.633177 0.223429
266 0.759506 0.188991
267 0.181569 0.20403
268 0.425648 0.262436
269 0.438548 0.237434
270 0.107883 0.238357
271 0.324051 0.187121
272 -0.122263 0.212207
273 0.0806188 0.197974
274 0.436314 0.194684
275 0.60469 0.193169
276 0.579943 0.123558
277 0.254784 0.148432
278 0.227361 0.241453
279 0.525188 0.280016
280 0.34917 0.242094
281 0.454952 0.140244
282 0.207528 0.200196
283 0.213056 0.203271
284 0.393979 0.215781
285 0.313275 0.22782
286 0.755827 0.230576
287 0.280569 0.193149
288 0.11277 0.213729
289 0.273337 0.222886
290 0.568825 0.159633
291 -0.0308385 0.197124
292 0.172918 0.225184
293 0.301667 0.192833
294 0.558804 0.219238
295 0.535722 0.224949
296 0.689612 0.177226
297 0.280843 0.215676
298 0.389576 0.16837
299 0.463502 0.218932
300 0.363907 0.233566
301 0.448938 0.223932
302 0.173635 0.218901
303 0.124843 0.20247
304 0.61738 0.141947
305 0.440643 0.199763
306 0.0765131 0.214667
307 -0.229233 0.21373
308 0.151891 0.237752
309 -0.148607 0.270522
310 0.313146 0.196664
311 0.18526 0.202595
312 -0.0758909 0.210484
313 0.228751 0.159953
314 0.326441 0.222041
315 0.340871 0.160573
316 0.542643 0.163287
317 -0.00514141 0.279965
318 0.192754 0.194065
319 0.587805 0.247618
320 0.620041 0.20004
321 -0.0412828 0.203155
322 0.114743 0.233903
323 0.0212873 0.195638
324 0.633545 0.196276
325 0.269872 0.211741
326 0.264492 0.227617
327 0.246132 0.23883
328 0.531778 0.266078
329 0.501638 0.291224
330 0.175047 0.166497
331 0.304177 0.258824
332 0.0967453 0.221465
333 -0.17424 0.191503
334 0.0436792 0.178823
335 0.336168 0.255132
336 0.531243 0.235774
337 0.114454 0.205238
338 0.526388 0.292529
339 -0.065196 0.161454
340 0.0620603 0.217211
341 0.356169 0.225237
342 0.076838 0.165162
343 0.381055 0.232217
344 0.661779 0.279562
345 0.23372 0.202306
346 0.328495 0.241148
347 0.10505 0.162328
348 0.620754 0.242183
349 0.125368 0.182431
350 0.127001 0.253739
351 0.167013 0.262393
352 0.333723 0.240929
353 0.397335 0.20577
354 0.329202 0.242276
355 0.152127 0.200716
356 -0.0205143 0.229626
357 0.158324 0.201035
358 0.389911 0.23041
359 0.583783 0.1842
360 0.358063 0.281705
361 0.173953 0.23837
362 -0.160382 0.239807
363 0.209306 0.16082
364 0.360461 0.200595
365 0.226874 0.187187
366 0.0284783 0.147728
367 0.360646 0.201138
368 0.593346 0.184832
369 0.433358 0.206191
370 0.468883 0.220252
371 0.556054 0.213808
372 0.591677 0.231858
373 0.259105 0.22814
374 0.275875 0.224518
375 0.680912 0.17372
376 0.783387 0.256101
377 0.369261 0.182427
378 -0.113533 0.261598
379 -0.177965 0.244379
380 0.384573 0.23505
381 0.461719 0.245725
382 0.0287467 0.227358
383 0.0599901 0.192547
384 0.363833 0.174978
385 0.926112 0.18778
386 0.0925979 0.319964
387 0.287429 0.247348
388 -0.0181154 0.314772
389 0.481375 0.231288
390 0.306703 0.277246
391 0.359635 0.264884
392 0.302365 0.214966
393 0.416574 0.2628
394 0.191501 0.183733
395 0.22012 0.27935
396 0.202673 0.275663
397 -0.0500048 0.343052
398 0.204133 0.174819
399 0.33803 0.187884
400 0.387221 0.186283
401 0.192728 0.171315
402 0.223787 0.207384
403 0.447169 0.266961
404 0.209689 0.190808
405 0.246623 0.218006
406 0.368117 0.237309
407 0.30655 0.231597
408 0.17048 0.179566
409 0.193954 0.164961
410 0.00343979 0.245973
411 0.532895 0.180255
412 0.258728 0.17582
413 0.277254 0.227456
414 0.129708 0.223843
415 0.347618 0.212528
416 -0.0606551 0.155214
417 0.338045 0.192101
418 0.388128 0.236742
419 0.220551 0.239229
420 0.453067 0.259794
421 0.450256 0.167419
422 -0.255751 0.184067
423 0.35344 0.210871
424 0.666625 0.25003
425 0.296152 0.196074
426 0.120775 0.205144
427 0.391628 0.235215
428 0.419736 0.235404
429 0.734959 0.17847
430 0.476195 0.221812
431 -0.0224377 0.205877
432 0.0871202 0.219606
433 -0.0612044 0.249997
434 0.30577 0.175419
435 0.427418 0.180873
436 0.0511183 0.213679
437 0.356749 0.221344
438 0.0795762 0.277607
439 0.0280777 0.21113
440 0.368296 0.208438
441 0.379674 0.212623
442 0.286392 0.280982
443 0.31772 0.174611
444 0.251163 0.216179
445 0.406802 0.184606
446 0.0181141 0.180177
447 0.241434 0.213677
448 0.083002 0.151862
449 0.55995 0.194514
450 0.148556 0.174745
451 0.597975 0.194397
452 0.397242 0.226097
453 0.293071 0.259645
454 -0.204624 0.185677
455 0.134918 0.205619
456 0.492779 0.19841
457 0.318907 0.26952
458 0.158514 0.263059
459 0.496627 0.239489
460 0.786417 0.256396
461 0.415804 0.225025
462 0.307665 0.174114
463 0.0412931 0.156889
464 0.803862 0.225514
465 0.431025 0.291604
466 0.0757169 0.273329
467 0.634414 0.175867
468 0.396544 0.206305
469 0.420324 0.216499
470 0.348425 0.22162
471 0.469771 0.23088
472 0.342532 0.21246
473 0.17743 0.24578
474 -0.166368 0.202736
475 0.220621 0.269259
476 0.765328 0.243101
477 0.324036 0.234166
478 0.216644 0.202105
479 0.127045 0.243827
480 0.587788 0.282387
481 0.753586 0.227025
482 -0.00185576 0.277338
483 0.523899 0.316089
484 0.488869 0.241366
485 0.490355 0.244799
486 0.26539 0.258255
487 0.496497 0.194174
488 0.518697 0.205939
489 0.0704945 0.295868
490 0.33325 0.235608
491 0.809957 0.263896
492 0.292115 0.325072
493 -0.247474 0.244654
494 0.399706 0.201912
495 -0.197505 0.249575
496 0.107542 0.248109
497 -0.183218 0.253959
498 0.4398 0.335206
499 0 0
