0 -0.472116 0.0107198
1 -0.519955 0.00854236
2 -0.559449 0.00729873
3 -0.593961 0.00654519
4 -0.622614 0.00692298
5 -0.649277 0.0070195
6 -0.673803 0.0067562
7 -0.687191 0.00653584
8 -0.701464 0.00674817
9 -0.716013 0.0060055
10 -0.726198 0.00593014
11 -0.736929 0.00499038
12 -0.74517 0.00525137
13 -0.750316 0.00435381
14 -0.753181 0.00367498
15 -0.75936 0.00335516
16 -0.767546 0.00336038
17 -0.772124 0.00349271
18 -0.771617 0.00351758
19 -0.773613 0.00369239
20 -0.774323 0.00463826
21 -0.775074 0.00541404
22 -0.776812 0.00520138
23 -0.779533 0.00493195
24 -0.779888 0.00473621
25 -0.781403 0.00393281
26 -0.780357 0.00406561
27 -0.782466 0.00345762
28 -0.786705 0.00310641
29 -0.793197 0.00265173
30 -0.794155 0.00337962
31 -0.794631 0.00315763
32 -0.793971 0.00309589
33 -0.793353 0.00345968
34 -0.790356 0.00342076
35 -0.787693 0.0029412
36 -0.78883 0.0030605
37 -0.786065 0.00317159
38 -0.786735 0.00339126
39 -0.788805 0.00283474
40 -0.789849 0.00300733
41 -0.79114 0.00248307
42 -0.790541 0.00237547
43 -0.792552 0.00284518
44 -0.795125 0.00279497
45 -0.792158 0.00291808
46 -0.792284 0.0031135
47 -0.788986 0.00318534
48 -0.788244 0.00322183
49 -0.788505 0.00293509
50 -0.78868 0.0029775
51 -0.787887 0.00309511
52 -0.787494 0.00350069
53 -0.787963 0.00331934
54 -0.790641 0.00338105
55 -0.790491 0.00347713
56 -0.788977 0.00397208
57 -0.78299 0.00419139
58 -0.781925 0.00427631
59 -0.783689 0.00432416
60 -0.78508 0.00419465
61 -0.783414 0.00385894
62 -0.785709 0.00386411
63 -0.789769 0.0032022
64 -0.79349 0.00340492
65 -0.79288 0.00361221
66 -0.794342 0.00335277
67 -0.793299 0.00264757
68 -0.791959 0.00292112
69 -0.792468 0.00329572
70 -0.790479 0.00384993
71 -0.787806 0.00375933
72 -0.785585 0.00375892
73 -0.785378 0.00336497
74 -0.784331 0.00378115
75 -0.786029 0.00400587
76 -0.783144 0.0042637
77 -0.783006 0.00408453
78 -0.783945 0.00434854
79 -0.782847 0.00401947
80 -0.781036 0.00376854
81 -0.779581 0.00354633
82 -0.78074 0.00355471
83 -0.780982 0.00369252
84 -0.782905 0.00406745
85 -0.783315 0.00504647
86 -0.787461 0.00443953
87 -0.787954 0.00373352
88 -0.786959 0.00424685
89 -0.784423 0.00444767
90 -0.783011 0.00385515
91 -0.779726 0.00408071
92 -0.781215 0.00441126
93 -0.782878 0.00408865
94 -0.783176 0.00451526
95 -0.78522 0.00424166
96 -0.787785 0.00402309
97 -0.786935 0.00340127
98 -0.784434 0.00390452
99 -0.781075 0.00389984
100 -0.782118 0.00398531
101 -0.780663 0.0039932
102 -0.779575 0.00396325
103 -0.779758 0.00440913
104 -0.777761 0.00473741
105 -0.777354 0.00400599
106 -0.778827 0.00375759
107 -0.77929 0.00287234
108 -0.781875 0.00316391
109 -0.78137 0.00373604
110 -0.782205 0.00335841
111 -0.781844 0.0033713
112 -0.780944 0.00294436
113 -0.778083 0.00296876
114 -0.77533 0.00347036
115 -0.774283 0.00375273
116 -0.772348 0.00434215
117 -0.777322 0.00365615
118 -0.778238 0.00420305
119 -0.780219 0.00479737
120 -0.777934 0.00448202
121 -0.779809 0.00420801
122 -0.779505 0.00392326
123 -0.777704 0.00395486
124 -0.779825 0.00363197
125 -0.779127 0.00424834
126 -0.780275 0.00482559
127 -0.781229 0.00461872
128 -0.784184 0.00456606
129 -0.785543 0.00505422
130 -0.783901 0.00470397
131 -0.785128 0.00354564
132 -0.780759 0.00341059
133 -0.782494 0.00330146
134 -0.784816 0.00312804
135 -0.783885 0.00336673
136 -0.781606 0.00238018
137 -0.778503 0.00307393
138 -0.7801 0.00278409
139 -0.778512 0.00290508
140 -0.784806 0.00300768
141 -0.78762 0.00340989
142 -0.785329 0.00251022
143 -0.78433 0.00289107
144 -0.782315 0.0030372
145 -0.783045 0.0030886
146 -0.783789 0.00307605
147 -0.785861 0.00250879
148 -0.785529 0.00287461
149 -0.781432 0.00404509
150 -0.779283 0.00361142
151 -0.782308 0.00302384
152 -0.784895 0.00338538
153 -0.782548 0.00336802
154 -0.78127 0.0035077
155 -0.778878 0.00387211
156 -0.780573 0.00376677
157 -0.782499 0.00391409
158 -0.783752 0.00410663
159 -0.78342 0.00414229
160 -0.783603 0.00389532
161 -0.784689 0.00389871
162 -0.782302 0.00414212
163 -0.785178 0.00389452
164 -0.787478 0.00383543
165 -0.785396 0.00417529
166 -0.783075 0.00383654
167 -0.784742 0.00363601
168 -0.786517 0.00397719
169 -0.784816 0.00401962
170 -0.781276 0.00364268
171 -0.78038 0.00398046
172 -0.779926 0.00407732
173 -0.781015 0.00383693
174 -0.781238 0.00407183
175 -0.781176 0.00407808
176 -0.780836 0.00336118
177 -0.780383 0.00290444
178 -0.780231 0.0031463
179 -0.781796 0.00282276
180 -0.780781 0.00340554
181 -0.778095 0.00357926
182 -0.777536 0.00296665
183 -0.778412 0.00337671
184 -0.778655 0.00295252
185 -0.777674 0.00323417
186 -0.776427 0.00317945
187 -0.776392 0.00328153
188 -0.775125 0.00398564
189 -0.776283 0.00387623
190 -0.776316 0.00408868
191 -0.779062 0.00365339
192 -0.776928 0.00300145
193 -0.778154 0.00298002
194 -0.779233 0.00338183
195 -0.780166 0.00373264
196 -0.781254 0.00383265
197 -0.781779 0.00414761
198 -0.784797 0.00380323
199 -0.784673 0.00388233
200 -0.781884 0.00411392
201 -0.783293 0.0039366
202 -0.782561 0.00410153
203 -0.782046 0.00415037
204 -0.7828 0.00444593
205 -0.782042 0.00499556
206 -0.783238 0.0047344
207 -0.78193 0.00484119
208 -0.77861 0.00496986
209 -0.78057 0.00453555
210 -0.777528 0.00487959
211 -0.778917 0.00457929
212 -0.778338 0.0041724
213 -0.779248 0.00385263
214 -0.780024 0.00378308
215 -0.78139 0.0041596
216 -0.779803 0.0043358
217 -0.779671 0.00398912
218 -0.776057 0.00356614
219 -0.776316 0.00381034
220 -0.774113 0.00315716
221 -0.774608 0.00343041
222 -0.77445 0.00317955
223 -0.772481 0.00296784
224 -0.774302 0.00297564
225 -0.774857 0.00290445
226 -0.775855 0.00313006
227 -0.77613 0.00343449
228 -0.776966 0.00349307
229 -0.779216 0.00363661
230 -0.779366 0.00362394
231 -0.778352 0.00390578
232 -0.776698 0.00399737
233 -0.775552 0.00406525
234 -0.77782 0.00394381
235 -0.774168 0.00350309
236 -0.774809 0.00386518
237 -0.773592 0.00419329
238 -0.771815 0.00392709
239 -0.771889 0.00361271
240 -0.771283 0.00391957
241 -0.773451 0.0045724
242 -0.775405 0.00435715
243 -0.775712 0.00416194
244 -0.778526 0.00432631
245 -0.776315 0.0040984
246 -0.777002 0.00385129
247 -0.777283 0.00391486
248 -0.780125 0.00427712
249 -0.781128 0.00378241
250 -0.782027 0.00445045
251 -0.782083 0.00401568
252 -0.783164 0.00403829
253 -0.783255 0.00359198
254 -0.78342 0.00369147
255 -0.78161 0.00349839
256 -0.782294 0.00308955
257 -0.780543 0.0036961
258 -0.780451 0.00382141
259 -0.779387 0.0033967
260 -0.780044 0.00351656
261 -0.779147 0.00325213
262 -0.783065 0.00296487
263 -0.784832 0.00334733
264 -0.786113 0.00300518
265 -0.785578 0.00313664
266 -0.786537 0.00271629
267 -0.783905 0.00294291
268 -0.785588 0.00297025
269 -0.785131 0.00336282
270 -0.784376 0.00367269
271 -0.783595 0.00368087
272 -0.78196 0.00343406
273 -0.781946 0.00303955
274 -0.780434 0.00365564
275 -0.77827 0.00355522
276 -0.778151 0.00433819
277 -0.777687 0.00366669
278 -0.780601 0.00425733
279 -0.781195 0.00430718
280 -0.781713 0.00408706
281 -0.779953 0.00373529
282 -0.778274 0.00336923
283 -0.779391 0.00383325
284 -0.78224 0.00358448
285 -0.780683 0.00363265
286 -0.781505 0.00343916
287 -0.780347 0.00331483
288 -0.778263 0.00294259
289 -0.780095 0.00358126
290 -0.780365 0.00356792
291 -0.7812 0.00413758
292 -0.780836 0.00452933
293 -0.781432 0.00467199
294 -0.782625 0.00430425
295 -0.78322 0.00431457
296 -0.78473 0.00410616
297 -0.783632 0.00345676
298 -0.785182 0.00308751
299 -0.785782 0.00343904
300 -0.786488 0.00290395
301 -0.785662 0.00278804
302 -0.785859 0.00331399
303 -0.786167 0.00374483
304 -0.788684 0.00396316
305 -0.785842 0.00412683
306 -0.783541 0.00382492
307 -0.784766 0.0035951
308 -0.786377 0.00314996
309 -0.781666 0.00254249
310 -0.781896 0.00237697
311 -0.780499 0.0022082
312 -0.780891 0.00245741
313 -0.781877 0.00307129
314 -0.782941 0.00281912
315 -0.783576 0.00353191
316 -0.782675 0.00328006
317 -0.784253 0.00319911
318 -0.783405 0.0025695
319 -0.783455 0.00307523
320 -0.785192 0.00320663
321 -0.785243 0.00312579
322 -0.782262 0.00379123
323 -0.782579 0.00377034
324 -0.78348 0.00413961
325 -0.784428 0.00289742
326 -0.779127 0.00343978
327 -0.778007 0.00309228
328 -0.781255 0.00272814
329 -0.783674 0.00283114
330 -0.781782 0.00300134
331 -0.77956 0.00314526
332 -0.777964 0.00296733
333 -0.780173 0.00301763
334 -0.778442 0.00277982
335 -0.779347 0.00320103
336 -0.779943 0.0031602
337 -0.78072 0.00347958
338 -0.781635 0.00408596
339 -0.783884 0.00456419
340 -0.786449 0.00365736
341 -0.78555 0.00394203
342 -0.784303 0.00422951
343 -0.782481 0.00408595
344 -0.782801 0.00412438
345 -0.779454 0.00496891
346 -0.78433 0.00511497
347 -0.783472 0.00469964
348 -0.782433 0.00457249
349 -0.777341 0.00491725
350 -0.774685 0.00464897
351 -0.77602 0.00427338
352 -0.775861 0.00410014
353 -0.777629 0.0037614
354 -0.77639 0.00354628
355 -0.775421 0.00429884
356 -0.778119 0.00461142
357 -0.776003 0.00456081
358 -0.780599 0.00444039
359 -0.781343 0.00398973
360 -0.781784 0.00462916
361 -0.781362 0.00426776
362 -0.781285 0.00384028
363 -0.783876 0.00465644
364 -0.781502 0.00466685
365 -0.780729 0.00437396
366 -0.781761 0.00425768
367 -0.781656 0.00425989
368 -0.78216 0.00424401
369 -0.777312 0.0040374
370 -0.778654 0.00410756
371 -0.776646 0.00426719
372 -0.77795 0.0036286
373 -0.776033 0.00365991
374 -0.775432 0.00327753
375 -0.774767 0.00363811
376 -0.777202 0.00335163
377 -0.776361 0.00320653
378 -0.777988 0.00293849
379 -0.775956 0.0036087
380 -0.772838 0.00320589
381 -0.773785 0.00335217
382 -0.77166 0.00481417
383 -0.769876 0.00502891
384 -0.772241 0.00478367
385 -0.774811 0.00556905
386 -0.77136 0.00603369
387 -0.774298 0.00552034
388 -0.777114 0.0051891
389 -0.77566 0.00539237
390 -0.775292 0.00479201
391 -0.77803 0.00550408
392 -0.775463 0.00571188
393 -0.777721 0.0056984
394 -0.777292 0.00498754
395 -0.779482 0.0049482
396 -0.783175 0.00471291
397 -0.785007 0.00439246
398 -0.784085 0.00455044
399 -0.781528 0.00430911
400 -0.777275 0.00418423
401 -0.778098 0.00421163
402 -0.776385 0.00407063
403 -0.777722 0.00457788
404 -0.776239 0.00513649
405 -0.77779 0.00496998
406 -0.776273 0.00483515
407 -0.777122 0.00402079
408 -0.778051 0.00413635
409 -0.780453 0.00442014
410 -0.781083 0.00443143
411 -0.780066 0.00467031
412 -0.780418 0.00445613
413 -0.782165 0.00474391
414 -0.780057 0.00495146
415 -0.780599 0.00453701
416 -0.781599 0.00453268
417 -0.783345 0.00508713
418 -0.782722 0.00549176
419 -0.78184 0.00478373
420 -0.782708 0.00431508
421 -0.7834 0.00394465
422 -0.782014 0.00396229
423 -0.782279 0.00394462
424 -0.782257 0.00359833
425 -0.781202 0.00312993
426 -0.781108 0.00363172
427 -0.781019 0.00355193
428 -0.782278 0.0035214
429 -0.781266 0.00397966
430 -0.782461 0.003693
431 -0.785685 0.00342704
432 -0.787175 0.00341252
433 -0.787309 0.00437187
434 -0.788046 0.00493473
435 -0.786532 0.00468292
436 -0.785804 0.00462163
437 -0.785781 0.00428834
438 -0.783923 0.00327295
439 -0.783406 0.00317041
440 -0.781536 0.00351325
441 -0.783661 0.00353973
442 -0.786472 0.00396567
443 -0.785538 0.00391595
444 -0.788216 0.00396155
445 -0.784594 0.00379169
446 -0.786291 0.00343728
447 -0.787633 0.00330525
448 -0.787613 0.00326878
449 -0.784379 0.0037589
450 -0.783043 0.00398279
451 -0.787354 0.00397843
452 -0.788689 0.00397463
453 -0.790404 0.00364858
454 -0.792672 0.00361125
455 -0.790212 0.0034244
456 -0.791771 0.00445904
457 -0.790854 0.0044713
458 -0.788445 0.00405727
459 -0.78686 0.0036791
460 -0.784458 0.00372899
461 -0.785128 0.00473569
462 -0.783028 0.00455051
463 -0.786264 0.00432729
464 -0.786794 0.0038294
465 -0.784998 0.00381298
466 -0.78716 0.00326933
467 -0.787805 0.00315475
468 -0.784119 0.00412557
469 -0.78632 0.00413287
470 -0.790262 0.00324617
471 -0.787909 0.0035704
472 -0.788866 0.00341194
473 -0.790458 0.00419385
474 -0.788355 0.00548287
475 -0.785611 0.00524311
476 -0.783078 0.00515936
477 -0.779215 0.00386307
478 -0.775766 0.00455762
479 -0.76892 0.00510402
480 -0.768436 0.00480989
481 -0.767934 0.00410623
482 -0.766471 0.00363524
483 -0.759926 0.00387992
484 -0.76118 0.00437637
485 -0.75484 0.00432062
486 -0.750629 0.00453855
487 -0.74507 0.00470064
488 -0.732694 0.00419062
489 -0.724438 0.00483389
490 -0.716242 0.00486168
491 -0.699837 0.00473098
492 -0.688173 0.00492615
493 -0.668744 0.00492686
494 -0.644725 0.00484288
495 -0.617608 0.00453727
496 -0.587552 0.00396685
497 -0.557094 0.00385018
498 -0.511357 0.00399537
499 -0.455114 0.0059675
