1 44.2698
2 42.6898
3 40.5943
4 38.9362
5 37.2408
6 35.4297
7 34.825
8 33.6756
9 32.6156
10 32.5485
11 31.5224
12 30.5001
13 30.0985
14 29.0281
15 28.1346
16 27.4503
17 27.2754
18 27.1687
19 26.9621
20 26.884
21 26.6266
22 26.2695
23 26.1587
24 25.5038
25 24.8974
26 24.3948
27 23.9806
28 23.9295
29 23.7343
30 23.5687
31 23.3163
32 22.9946
33 22.2826
34 21.4631
35 21.3082
36 21.2058
37 21.04
38 20.9833
39 20.8092
40 20.3877
41 20.0504
42 19.2404
43 18.3054
44 17.8049
45 17.7564
46 17.798
47 17.9856
48 18.1415
49 18.9252
50 18.5851
51 18.5823
52 17.9297
53 17.8767
54 18.0593
55 17.4817
56 17.4515
57 17.0153
58 17.0614
59 16.883
60 16.9898
61 16.5258
62 16.5406
63 16.4363
64 16.4458
65 16.4847
66 16.3708
67 16.3391
68 16.2562
69 16.2005
70 16.1246
71 16.1217
72 16.1204
73 16.1059
74 15.9956
75 16.0385
76 15.9465
77 15.8335
78 15.4233
79 15.2932
80 14.9379
81 14.8714
82 14.721
83 14.5768
84 14.5768
85 14.5768
86 14.6194
87 14.68
88 15.1902
89 15.1261
90 15.2448
91 14.9447
92 14.6966
93 14.4597
94 14.3013
95 14.231
96 14.1264
97 14.0059
98 13.8134
99 13.437
100 12.6848
101 12.326
102 11.6769
103 11.4288
104 11.1918
105 11.1248
106 10.9046
107 10.843
108 10.7838
109 10.6922
110 10.6545
111 10.6007
112 10.5899
113 10.5899
114 10.5899
115 10.5899
116 10.5899
117 10.5899
118 10.5899
119 10.5899
120 10.5899
121 10.5899
122 10.5899
123 10.5899
124 10.5899
125 10.5899
126 10.5899
127 10.5899
128 10.5899
129 10.5899
130 10.5899
131 10.5899
132 10.5899
133 10.5899
134 10.5836
135 10.5711
136 10.5333
137 10.4517
138 10.3942
139 10.2873
140 10.2757
141 10.2757
142 10.2757
143 10.2757
144 10.2757
145 10.2757
146 10.2757
147 10.2757
148 10.2757
149 10.2757
150 10.2757
151 10.2757
152 10.2757
153 10.2757
154 10.2757
155 10.2757
156 10.2757
157 10.2757
158 10.2757
159 10.2626
160 10.2626
161 10.2365
162 10.2166
163 10.2811
164 10.5184
165 10.644
166 11.1661
167 10.3552
168 9.917
169 9.66733
170 9.63704
171 9.62307
172 9.62307
173 9.62307
174 9.62307
175 9.62307
176 9.62307
177 9.62307
178 9.62307
179 9.62307
180 9.62307
181 9.62307
182 9.62307
183 9.62272
184 9.62237
185 9.61921
186 9.61536
187 9.6115
188 9.60695
189 9.60555
190 9.60555
191 9.60555
192 9.60555
193 9.60201
194 9.59847
195 9.57368
196 9.52057
197 9.44621
198 9.42851
199 9.42223
200 9.41075
201 9.38779
202 9.23747
203 8.93121
204 8.42703
205 8.36306
206 8.2797
207 8.11244
208 7.95429
209 7.69348
210 7.48393
211 7.46083
212 7.46083
213 7.46083
214 7.46083
215 7.46083
216 7.46083
217 7.46083
218 7.46083
219 7.44786
220 7.38287
221 7.21428
222 7.00695
223 6.81243
224 6.81243
225 6.81243
226 6.81243
227 6.81243
228 6.81243
229 6.81243
230 6.81243
231 6.81243
232 6.81243
233 6.81243
234 6.81243
235 6.81243
236 6.81227
237 6.81136
238 6.80999
239 6.80908
240 6.80863
241 6.80726
242 6.80483
243 6.80483
244 6.80457
245 6.80457
246 6.80405
247 6.80041
248 6.79469
249 6.79183
250 6.79183
251 6.79183
252 6.79183
253 6.79183
254 6.79183
255 6.79183
256 6.79183
257 6.79183
258 6.79183
259 6.79183
260 6.79183
261 6.79183
262 6.79183
263 6.79183
264 6.79183
265 6.78913
266 6.77023
267 6.72687
268 6.64842
269 6.58079
270 6.49159
271 6.39749
272 6.36117
273 6.32528
274 6.31559
275 6.30992
276 6.30948
277 6.30861
278 6.30861
279 6.30861
280 6.30861
281 6.30861
282 6.30861
283 6.30861
284 6.30861
285 6.30861
286 6.30861
287 6.30861
288 6.30861
289 6.30861
290 6.30861
291 6.30861
292 6.30861
293 6.30861
294 6.30861
295 6.30861
296 6.30861
297 6.30861
298 6.30861
299 6.30861
300 6.30861
301 6.30861
302 6.30861
303 6.30861
304 6.30861
305 6.30861
306 6.30861
307 6.30861
308 6.30861
309 6.30861
310 6.30861
311 6.30861
312 6.30861
313 6.30861
314 6.30861
315 6.3081
316 6.30708
317 6.30149
318 6.29284
319 6.28573
320 6.28319
321 6.28319
322 6.28319
323 6.28319
324 6.28319
325 6.28319
326 6.28319
327 6.28319
328 6.28319
329 6.28319
330 6.28319
331 6.28319
332 6.28319
333 6.28319
334 6.28319
335 6.28319
336 6.28319
337 6.28319
338 6.28319
339 6.28319
340 6.28319
341 6.28319
342 6.28319
343 6.28319
344 6.28319
345 6.28319
346 6.28319
347 6.28319
348 6.28319
349 6.28319
350 6.28319
351 6.28319
352 6.28319
353 6.28319
354 6.28319
355 6.28319
356 6.28319
357 6.28319
358 6.28319
359 6.28319
360 6.28319
361 6.28319
362 6.28319
363 6.28319
364 6.28319
365 6.28319
366 6.28319
367 6.28319
368 6.28319
369 6.28319
370 6.28319
371 6.28319
372 6.28319
373 6.28319
374 6.28319
375 6.28319
376 6.28319
377 6.28319
378 6.28319
379 6.28319
380 6.28319
381 6.28319
382 6.28319
383 6.28319
384 6.28319
385 6.28319
386 6.28319
387 6.28319
388 6.28319
389 6.28319
390 6.28319
391 6.28319
392 6.28319
393 6.28319
394 6.28319
395 6.28319
396 6.28319
397 6.28319
398 6.28319
399 6.28319
400 6.28319
401 6.28319
402 6.28319
403 6.28319
404 6.28319
405 6.28319
406 6.28319
407 6.28319
408 6.28319
409 6.28319
410 6.28319
411 6.28319
412 6.28319
413 6.28319
414 6.28319
415 6.28319
416 6.28319
417 6.28319
418 6.28319
419 6.28319
420 6.28319
421 6.28319
422 6.28319
423 6.28319
424 6.28319
425 6.28319
426 6.28319
427 6.28319
428 6.28319
429 6.28319
430 6.28319
431 6.28319
432 6.28319
433 6.28319
434 6.28319
435 6.28319
436 6.28319
437 6.28319
438 6.28319
439 6.28319
440 6.28319
441 6.28319
442 6.28319
443 6.28319
444 6.28319
445 6.28319
446 6.28319
447 6.28319
448 6.28319
449 6.28319
450 6.28319
451 6.28319
452 6.28319
453 6.28319
454 6.28319
455 6.28319
456 6.28319
457 6.28319
458 6.28319
459 6.28319
460 6.28319
461 6.28319
462 6.28319
463 6.28319
464 6.28319
465 6.28319
466 6.28319
467 6.28319
468 6.28319
469 6.28319
470 6.28319
471 6.28319
472 6.28319
473 6.28319
474 6.28319
475 6.28319
476 6.28319
477 6.28319
478 6.28319
479 6.28319
480 6.28319
481 6.28319
482 6.28319
483 6.28319
484 6.28319
485 6.28319
486 6.28319
487 6.28319
488 6.28319
489 6.28319
490 6.28319
491 6.28319
492 6.28319
493 6.28319
494 6.28319
495 6.28319
496 6.28319
497 6.28319
498 6.28319
499 6.28319
500 6.28319
501 6.28319
502 6.28319
503 6.28319
504 6.28319
505 6.28319
506 6.28319
507 6.28319
508 6.28319
509 6.28319
510 6.28319
511 6.28319
512 6.28319
513 6.28319
514 6.28319
515 6.28319
516 6.28319
517 6.28319
518 6.28319
519 6.28319
520 6.28319
521 6.28319
522 6.28319
523 6.28319
524 6.28319
525 6.28319
526 6.28319
527 6.28319
528 6.28319
529 6.28319
530 6.28319
531 6.28319
532 6.28319
533 6.28319
534 6.28319
535 6.28319
536 6.28319
537 6.28319
538 6.28319
539 6.28319
540 6.28319
541 6.28319
542 6.28319
543 6.28319
544 6.28319
545 6.28319
546 6.28319
547 6.28319
548 6.28319
549 6.28319
550 6.28319
551 6.28319
552 6.28319
553 6.28319
554 6.28319
555 6.28319
556 6.28319
557 6.28319
558 6.28319
559 6.28319
560 6.28319
561 6.28319
562 6.28319
563 6.28319
564 6.28319
565 6.28319
566 6.28319
567 6.28319
568 6.28319
569 6.28319
570 6.28319
571 6.28319
572 6.28319
573 6.28319
574 6.28319
575 6.28319
576 6.28319
577 6.28319
578 6.28319
579 6.28319
580 6.28319
581 6.28319
582 6.28319
583 6.28319
584 6.28319
585 6.28319
586 6.28319
587 6.28319
588 6.28319
589 6.28319
590 6.28319
591 6.28319
592 6.28319
593 6.28319
594 6.28319
595 6.28319
596 6.28319
597 6.28319
598 6.28319
599 6.28319
600 6.28319
601 6.28319
602 6.28319
603 6.28319
604 6.28319
605 6.28319
606 6.28319
607 6.28319
608 6.28319
609 6.28319
610 6.28319
611 6.28319
612 6.28319
613 6.28319
614 6.28319
615 6.28319
616 6.28319
617 6.28319
618 6.28319
619 6.28319
620 6.28319
621 6.28319
622 6.28319
623 6.28319
624 6.28319
625 6.28319
626 6.28319
627 6.28319
628 6.28319
629 6.28319
630 6.28319
631 6.28319
632 6.28319
633 6.28319
634 6.28319
635 6.28319
636 6.28319
637 6.28319
638 6.28319
639 6.28319
640 6.28319
641 6.28319
642 6.28319
643 6.28319
644 6.28319
645 6.28319
646 6.28319
647 6.28319
648 6.28319
649 6.28319
650 6.28319
651 6.28319
652 6.28319
653 6.28319
654 6.28319
655 6.28319
656 6.28319
657 6.28319
658 6.28319
659 6.28319
660 6.28319
661 6.28319
662 6.28319
663 6.28319
664 6.28319
665 6.28319
666 6.28319
667 6.28319
668 6.28319
669 6.28319
670 6.28319
671 6.28319
672 6.28319
673 6.28319
674 6.28319
675 6.28319
676 6.28319
677 6.28319
678 6.28319
679 6.28319
680 6.28319
681 6.28319
682 6.28319
683 6.28319
684 6.28319
685 6.28319
686 6.28319
687 6.28319
688 6.28319
689 6.28319
690 6.28319
691 6.28319
692 6.28319
693 6.28319
694 6.28319
695 6.28319
696 6.28319
697 6.28319
698 6.28319
699 6.28319
700 6.28319
701 6.28319
702 6.28319
703 6.28319
704 6.28319
705 6.28319
706 6.28319
707 6.28319
708 6.28319
709 6.28319
710 6.28319
711 6.28319
712 6.28319
713 6.28319
714 6.28319
715 6.28319
716 6.28319
717 6.28319
718 6.28319
719 6.28319
720 6.28319
721 6.28319
722 6.28319
723 6.28319
724 6.28319
725 6.28319
726 6.28319
727 6.28319
728 6.28319
729 6.28319
730 6.28319
731 6.28319
732 6.28319
733 6.28319
734 6.28319
735 6.28319
736 6.28319
737 6.28319
738 6.28319
739 6.28319
740 6.28319
741 6.28319
742 6.28319
743 6.28319
744 6.28319
745 6.28319
746 6.28319
747 6.28319
748 6.28319
749 6.28319
750 6.28319
751 6.28319
752 6.28319
753 6.28319
754 6.28319
755 6.28319
756 6.28319
757 6.28319
758 6.28319
759 6.28319
760 6.28319
761 6.28319
762 6.28319
763 6.28319
764 6.28319
765 6.28319
766 6.28319
767 6.28319
768 6.28319
769 6.28319
770 6.28319
771 6.28319
772 6.28319
773 6.28319
774 6.28319
775 6.28319
776 6.28319
777 6.28319
778 6.28319
779 6.28319
780 6.28319
781 6.28319
782 6.28319
783 6.28319
784 6.28319
785 6.28319
786 6.28319
787 6.28319
788 6.28319
789 6.28319
790 6.28319
791 6.28319
792 6.28319
793 6.28319
794 6.28319
795 6.28319
796 6.28319
797 6.28319
798 6.28319
799 6.28319
800 6.28319
801 6.28319
802 6.28319
803 6.28319
804 6.28319
805 6.28319
806 6.28319
807 6.28319
808 6.28319
809 6.28319
810 6.28319
811 6.28319
812 6.28319
813 6.28319
814 6.28319
815 6.28319
816 6.28319
817 6.28319
818 6.28319
819 6.28319
820 6.28319
821 6.28319
822 6.28319
823 6.28319
824 6.28319
825 6.28319
826 6.28319
827 6.28319
828 6.28319
829 6.28319
830 6.28319
831 6.28319
832 6.28319
833 6.28319
834 6.28319
835 6.28319
836 6.28319
837 6.28319
838 6.28319
839 6.28319
840 6.28319
841 6.28319
842 6.28319
843 6.28319
844 6.28319
845 6.28319
846 6.28319
847 6.28319
848 6.28319
849 6.28319
850 6.28319
851 6.28319
852 6.28319
853 6.28319
854 6.28319
855 6.28319
856 6.28319
857 6.28319
858 6.28319
859 6.28319
860 6.28319
861 6.28319
862 6.28319
863 6.28319
864 6.28319
865 6.28319
866 6.28319
867 6.28319
868 6.28319
869 6.28319
870 6.28319
871 6.28319
872 6.28319
873 6.28319
874 6.28319
875 6.28319
876 6.28319
877 6.28319
878 6.28319
879 6.28319
880 6.28319
881 6.28319
882 6.28319
883 6.28319
884 6.28319
885 6.28319
886 6.28319
887 6.28319
888 6.28319
889 6.28319
890 6.28319
891 6.28319
892 6.28319
893 6.28319
894 6.28319
895 6.28319
896 6.28319
897 6.28319
898 6.28319
899 6.28319
900 6.28319
901 6.28319
902 6.28319
903 6.28319
904 6.28319
905 6.28319
906 6.28319
907 6.28319
908 6.28319
909 6.28319
910 6.28319
911 6.28319
912 6.28319
913 6.28319
914 6.28319
915 6.28319
916 6.28319
917 6.28319
918 6.28319
919 6.28319
920 6.28319
921 6.28319
922 6.28319
923 6.28319
924 6.28319
925 6.28319
926 6.28319
927 6.28319
928 6.28319
929 6.28319
930 6.28319
931 6.28319
932 6.28319
933 6.28319
934 6.28319
935 6.28319
936 6.28319
937 6.28319
938 6.28319
939 6.28319
940 6.28319
941 6.28319
942 6.28319
943 6.28319
944 6.28319
945 6.28319
946 6.28319
947 6.28319
948 6.28319
949 6.28319
950 6.28319
951 6.28319
952 6.28319
953 6.28319
954 6.28319
955 6.28319
956 6.28319
957 6.28319
958 6.28319
959 6.28319
960 6.28319
961 6.28319
962 6.28319
963 6.28319
964 6.28319
965 6.28319
966 6.28319
967 6.28319
968 6.28319
969 6.28319
970 6.28319
971 6.28319
972 6.28319
973 6.28319
974 6.28319
975 6.28319
976 6.28319
977 6.28319
978 6.28319
979 6.28319
980 6.28319
981 6.28319
982 6.28319
983 6.28319
984 6.28319
985 6.28319
986 6.28319
987 6.28319
988 6.28319
989 6.28319
990 6.28319
991 6.28319
992 6.28319
993 6.28319
994 6.28319
995 6.28319
996 6.28319
997 6.28319
998 6.28319
999 6.28319
1000 6.28319
