1 16.4566
2 15.6365
3 14.9157
4 14.7057
5 14.0461
6 13.6144
7 12.8792
8 12.4681
9 12.239
10 12.0503
11 11.4997
12 10.975
13 10.755
14 10.5787
15 10.467
16 10.3186
17 10.2233
18 10.104
19 9.95618
20 9.91007
21 9.7617
22 9.69272
23 9.62788
24 9.5497
25 9.42733
26 9.27266
27 9.16212
28 9.01247
29 8.90283
30 8.76892
31 8.69922
32 8.64808
33 8.61362
34 8.60805
35 8.58778
36 8.57017
37 8.55478
38 8.51123
39 8.49799
40 8.45756
41 8.41088
42 8.30559
43 8.23443
44 8.2078
45 8.19187
46 8.17279
47 8.13892
48 8.13449
49 8.13449
50 8.13449
51 8.13449
52 8.13449
53 8.13449
54 8.13449
55 8.13439
56 8.13377
57 8.12788
58 8.10678
59 8.05305
60 7.97143
61 7.91079
62 7.90136
63 7.90136
64 7.90101
65 7.89383
66 7.86449
67 7.81961
68 7.76489
69 7.73308
70 7.66971
71 7.66971
72 7.66971
73 7.66971
74 7.66971
75 7.66971
76 7.66971
77 7.66384
78 7.60516
79 7.51114
80 7.47066
81 7.43019
82 7.44888
83 7.51656
84 7.53612
85 7.42974
86 7.37898
87 7.35958
88 7.25181
89 7.23787
90 7.09167
91 7.07093
92 7.07093
93 7.07093
94 7.07093
95 7.06531
96 7.04397
97 7.00463
98 6.94522
99 6.92968
100 6.92491
101 6.91813
102 6.88713
103 6.86734
104 6.78652
105 6.69728
106 6.67649
107 6.67649
108 6.67649
109 6.67649
110 6.67649
111 6.67508
112 6.66815
113 6.65762
114 6.64272
115 6.58548
116 6.45388
117 6.26539
118 6.19832
119 6.15604
120 6.02904
121 5.95006
122 5.91647
123 5.87046
124 5.86737
125 5.82449
126 5.80744
127 5.80744
128 5.80744
129 5.80744
130 5.8355
131 5.89867
132 5.9417
133 5.91869
134 5.8749
135 5.976
136 6.00652
137 5.93913
138 6.00303
139 6.02782
140 5.94379
141 5.84295
142 5.80487
143 5.79614
144 5.79203
145 5.78432
146 5.78175
147 5.78175
148 5.78175
149 5.78175
150 5.78175
151 5.78175
152 5.78175
153 5.78175
154 5.78175
155 5.78175
156 5.78175
157 5.78175
158 5.78175
159 5.78175
160 5.78175
161 5.78175
162 5.78175
163 5.78175
164 5.78175
165 5.78175
166 5.78175
167 5.78175
168 5.78175
169 5.78175
170 5.78175
171 5.78175
172 5.78175
173 5.78175
174 5.78175
175 5.78175
176 5.78175
177 5.78175
178 5.78175
179 5.77434
180 5.72973
181 5.67718
182 5.62266
183 5.54116
184 5.53394
185 5.53394
186 5.53394
187 5.53394
188 5.53394
189 5.53394
190 5.53394
191 5.53394
192 5.53394
193 5.53394
194 5.53394
195 5.53394
196 5.53394
197 5.53394
198 5.53394
199 5.53394
200 5.53394
201 5.53394
202 5.53394
203 5.53394
204 5.53394
205 5.53394
206 5.53394
207 5.53394
208 5.53394
209 5.53394
210 5.53394
211 5.53394
212 5.53394
213 5.53394
214 5.53394
215 5.53394
216 5.53394
217 5.53394
218 5.53394
219 5.53394
220 5.53394
221 5.53394
222 5.5303
223 5.50846
224 5.47207
225 5.41748
226 5.35197
227 5.35197
228 5.35197
229 5.35197
230 5.35197
231 5.35197
232 5.35197
233 5.35197
234 5.35197
235 5.35197
236 5.35197
237 5.35197
238 5.35197
239 5.35197
240 5.35197
241 5.35197
242 5.35197
243 5.35197
244 5.35197
245 5.35197
246 5.35197
247 5.35197
248 5.35197
249 5.35197
250 5.35197
251 5.35197
252 5.35197
253 5.35197
254 5.35197
255 5.35197
256 5.35197
257 5.35197
258 5.35197
259 5.35197
260 5.35197
261 5.35197
262 5.35197
263 5.35197
264 5.35197
265 5.35197
266 5.35197
267 5.35197
268 5.35197
269 5.35197
270 5.35197
271 5.35197
272 5.35197
273 5.35197
274 5.35197
275 5.35197
276 5.35197
277 5.35197
278 5.35197
279 5.35197
280 5.35197
281 5.35197
282 5.35197
283 5.35197
284 5.35197
285 5.35197
286 5.35197
287 5.35197
288 5.35197
289 5.35197
290 5.35197
291 5.35197
292 5.35197
293 5.35197
294 5.35197
295 5.35197
296 5.35197
297 5.35197
298 5.35197
299 5.35197
300 5.35197
301 5.35197
302 5.35197
303 5.35197
304 5.35197
305 5.35197
306 5.35197
307 5.35197
308 5.35197
309 5.35197
310 5.35197
311 5.35197
312 5.35197
313 5.35197
314 5.35197
315 5.35197
316 5.35197
317 5.35197
318 5.35197
319 5.35197
320 5.35197
321 5.35197
322 5.35197
323 5.35197
324 5.35197
325 5.35197
326 5.35197
327 5.35197
328 5.35197
329 5.35197
330 5.35197
331 5.35197
332 5.35197
333 5.35092
334 5.34566
335 5.32546
336 5.29585
337 5.26957
338 5.25008
339 5.23992
340 5.23449
341 5.23449
342 5.23449
343 5.23449
344 5.23449
345 5.23449
346 5.23449
347 5.23449
348 5.23449
349 5.23449
350 5.23449
351 5.23449
352 5.23449
353 5.23449
354 5.23449
355 5.23449
356 5.23449
357 5.23449
358 5.23449
359 5.23449
360 5.23449
361 5.23449
362 5.23449
363 5.23449
364 5.23449
365 5.23449
366 5.23449
367 5.23449
368 5.23449
369 5.23449
370 5.23449
371 5.23449
372 5.23449
373 5.23449
374 5.23449
375 5.23449
376 5.23449
377 5.23449
378 5.23449
379 5.23449
380 5.23449
381 5.23449
382 5.23449
383 5.23449
384 5.23449
385 5.23449
386 5.23449
387 5.23449
388 5.23449
389 5.23333
390 5.2327
391 5.22964
392 5.22474
393 5.21775
394 5.19759
395 5.16517
396 5.13718
397 5.11644
398 5.11644
399 5.11538
400 5.11217
401 5.10256
402 5.07267
403 5.06306
404 5.06306
405 5.06306
406 5.06306
407 5.06306
408 5.06306
409 5.06306
410 5.06306
411 5.06306
412 5.06306
413 5.06306
414 5.06306
415 5.06306
416 5.06306
417 5.06306
418 5.06306
419 5.06306
420 5.06306
421 5.06306
422 5.06306
423 5.06306
424 5.06306
425 5.06306
426 5.06306
427 5.06306
428 5.06306
429 5.06306
430 5.06306
431 5.06306
432 5.06306
433 5.06306
434 5.06306
435 5.06306
436 5.06306
437 5.06306
438 5.06306
439 5.06306
440 5.06306
441 5.06306
442 5.06306
443 5.06306
444 5.06306
445 5.06253
446 5.05988
447 5.0567
448 5.05035
449 5.04029
450 5.03658
451 5.03568
452 5.03568
453 5.03296
454 5.03115
455 5.1357
456 5.1754
457 5.16086
458 5.07208
459 5.01381
460 4.99136
461 4.99136
462 4.99136
463 4.99136
464 4.99136
465 4.99136
466 4.99136
467 4.99136
468 4.99136
469 4.99136
470 4.99136
471 4.99136
472 4.99136
473 4.99136
474 4.99136
475 4.99131
476 4.9912
477 4.99073
478 4.98998
479 4.9892
480 4.98893
481 4.98866
482 4.98866
483 4.98866
484 4.98866
485 4.98866
486 4.98866
487 4.98866
488 4.98866
489 4.98866
490 4.98866
491 4.98866
492 4.98866
493 4.98866
494 4.98866
495 4.98866
496 4.98866
497 4.98866
498 4.98866
499 4.98866
500 4.98866
501 4.98866
502 4.98866
503 4.98866
504 4.98866
505 4.98866
506 4.98866
507 4.98866
508 4.98866
509 4.98866
510 4.98866
511 4.98866
512 4.98866
513 4.98866
514 4.98866
515 4.98866
516 4.98866
517 4.98866
518 4.98866
519 4.98866
520 4.98866
521 4.98866
522 4.98866
523 4.98866
524 4.98866
525 4.98866
526 4.98866
527 4.98866
528 4.98866
529 4.98866
530 4.98866
531 4.98866
532 4.98866
533 4.98866
534 4.98866
535 4.98866
536 4.98866
537 4.98866
538 4.98866
539 5.07433
540 5.08005
541 5.11041
542 5.14577
543 5.2771
544 5.37938
545 5.27149
546 5.29822
547 5.20419
548 5.08495
549 4.98866
550 4.98866
551 4.98866
552 4.98866
553 4.98866
554 4.98866
555 4.98866
556 4.98866
557 4.98866
558 4.98866
559 4.98866
560 4.98866
561 4.98866
562 4.98854
563 4.98815
564 4.98659
565 4.98503
566 4.9823
567 4.98218
568 4.98218
569 4.98218
570 4.98218
571 4.98218
572 4.98218
573 4.98218
574 4.98218
575 4.98218
576 4.98218
577 4.98218
578 4.98218
579 4.98218
580 4.98218
581 4.98218
582 4.98218
583 4.98218
584 4.98218
585 4.98218
586 4.98218
587 4.98218
588 4.98218
589 4.98218
590 4.98218
591 4.98218
592 4.98218
593 4.98218
594 4.98218
595 4.98218
596 4.98218
597 4.98218
598 4.98218
599 4.98218
600 4.98218
601 4.98218
602 4.98218
603 4.98218
604 4.98218
605 4.98218
606 4.98218
607 4.98218
608 4.98218
609 4.98218
610 4.98218
611 4.98218
612 4.98218
613 4.98218
614 4.98218
615 4.98218
616 4.98218
617 4.98218
618 4.98218
619 4.98218
620 4.98218
621 4.98218
622 4.98218
623 4.98218
624 4.98218
625 4.98218
626 4.98218
627 4.98218
628 4.98218
629 4.98218
630 4.98218
631 4.98218
632 4.98218
633 4.98218
634 4.98218
635 4.98218
636 4.98218
637 4.98218
638 4.98218
639 4.98218
640 4.98218
641 4.98218
642 4.98218
643 4.98218
644 4.98218
645 4.98218
646 4.98218
647 4.98218
648 4.98218
649 4.98218
650 4.98218
651 4.98218
652 4.98218
653 4.98218
654 4.98218
655 4.98218
656 4.98218
657 4.98218
658 4.98218
659 4.98218
660 4.98218
661 4.98218
662 4.98218
663 4.98218
664 4.98218
665 4.98218
666 4.98218
667 4.98218
668 4.98218
669 4.98218
670 4.98218
671 4.98218
672 4.98218
673 4.98218
674 4.98218
675 4.98218
676 4.98218
677 4.98218
678 4.98218
679 4.98218
680 4.98218
681 4.98218
682 4.98218
683 4.98218
684 4.98218
685 4.98218
686 4.98218
687 4.98218
688 4.98218
689 4.98218
690 4.98218
691 4.98218
692 4.98218
693 4.98218
694 4.98218
695 4.98218
696 4.98218
697 4.98218
698 4.98218
699 4.98218
700 4.98218
701 4.98218
702 4.98218
703 4.98218
704 4.98218
705 4.98218
706 4.98218
707 4.98218
708 4.98218
709 4.98218
710 4.98218
711 4.98218
712 4.98218
713 4.98218
714 4.98218
715 4.98218
716 4.98218
717 4.98218
718 4.98218
719 4.98218
720 4.98218
721 4.98218
722 4.98218
723 4.98218
724 4.98218
725 4.98218
726 4.98218
727 4.98218
728 4.98218
729 4.98218
730 4.98218
731 4.98218
732 4.98218
733 4.98218
734 4.98218
735 4.98218
736 4.98218
737 4.98218
738 4.98218
739 4.98218
740 4.98218
741 4.98218
742 4.98218
743 4.98218
744 4.98218
745 4.98218
746 4.98218
747 4.98218
748 4.98218
749 4.98218
750 4.98218
751 4.98218
752 4.98218
753 4.98218
754 4.98218
755 4.98218
756 4.98218
757 4.98218
758 4.98218
759 4.98218
760 4.98218
761 4.98218
762 4.98218
763 4.98218
764 4.98218
765 4.98218
766 4.98218
767 4.98218
768 4.98218
769 4.98218
770 4.98218
771 4.98218
772 4.98218
773 4.98218
774 4.98218
775 4.98218
776 4.98218
777 4.98218
778 4.98218
779 4.98218
780 4.98218
781 4.98218
782 4.98218
783 4.98218
784 4.98218
785 4.98218
786 4.98218
787 4.98218
788 4.98218
789 4.98218
790 4.98218
791 4.98218
792 4.98218
793 4.98218
794 4.98218
795 4.98218
796 4.98218
797 4.98218
798 4.98218
799 4.98218
800 4.98218
801 4.98218
802 4.98218
803 4.98218
804 4.98218
805 4.98218
806 4.98218
807 4.98218
808 4.98218
809 4.98218
810 4.98218
811 4.98218
812 4.98218
813 4.98218
814 4.98218
815 4.98218
816 4.98218
817 4.98218
818 4.98218
819 4.98218
820 4.98218
821 4.98218
822 4.98218
823 4.98218
824 4.98218
825 4.98218
826 4.98218
827 4.98218
828 4.98218
829 4.98218
830 4.98218
831 4.98218
832 4.98218
833 4.98218
834 4.98218
835 4.98218
836 4.98218
837 4.98218
838 4.98218
839 4.98218
840 4.98218
841 4.98218
842 4.98218
843 4.98218
844 4.98218
845 4.98218
846 4.98218
847 4.98218
848 4.98218
849 4.98218
850 4.98218
851 4.98218
852 4.98218
853 4.98218
854 4.98218
855 4.98218
856 4.98218
857 4.98218
858 4.98218
859 4.98218
860 4.98218
861 4.98218
862 4.98218
863 4.98218
864 4.98218
865 4.98218
866 4.98218
867 4.98218
868 4.98218
869 4.98218
870 4.98218
871 4.98218
872 4.98218
873 4.98218
874 4.98218
875 4.98218
876 4.98218
877 4.98218
878 4.98218
879 4.98218
880 4.98218
881 4.98218
882 4.98218
883 4.98218
884 4.98218
885 4.98218
886 4.98218
887 4.98218
888 4.98218
889 4.98218
890 4.98218
891 4.98218
892 4.98218
893 4.98218
894 4.98218
895 4.98218
896 4.98218
897 4.98218
898 4.98218
899 4.98218
900 4.98218
901 4.98218
902 4.98218
903 4.98218
904 4.98218
905 4.98218
906 4.98218
907 4.98218
908 4.98218
909 4.98218
910 4.98218
911 4.98218
912 4.98218
913 4.98218
914 4.98218
915 4.98218
916 4.98218
917 4.98218
918 4.98218
919 4.98218
920 4.98218
921 4.98218
922 4.98218
923 4.98218
924 4.98218
925 4.98218
926 4.98218
927 4.98218
928 4.98218
929 4.98218
930 4.98218
931 4.98218
932 4.98218
933 4.98218
934 4.98218
935 4.98218
936 4.98218
937 4.98218
938 4.98218
939 4.98218
940 4.98218
941 4.98218
942 4.98218
943 4.98218
944 4.98218
945 4.98218
946 4.98218
947 4.98218
948 4.98218
949 4.98218
950 4.98218
951 4.98218
952 4.98218
953 4.98218
954 4.98218
955 4.98218
956 4.98218
957 4.98218
958 4.98218
959 4.98218
960 4.98218
961 4.98218
962 4.98218
963 4.98218
964 4.98218
965 4.98218
966 4.98218
967 4.98218
968 4.98218
969 4.98218
970 4.98218
971 4.98218
972 4.98218
973 4.98218
974 4.98218
975 4.98218
976 4.98218
977 4.98218
978 4.98218
979 4.98218
980 4.98218
981 4.98218
982 4.98218
983 4.98218
984 4.98218
985 4.98218
986 4.98218
987 4.98218
988 4.98218
989 4.98218
990 4.98218
991 4.98218
992 4.98218
993 4.98218
994 4.98218
995 4.98218
996 4.98218
997 4.98218
998 4.98218
999 4.98218
1000 4.98218
1001 4.98218
1002 4.98218
1003 4.98218
1004 4.98218
1005 4.98218
1006 4.98218
1007 4.98218
1008 4.98218
1009 4.98218
1010 4.98218
1011 4.98218
1012 4.98218
1013 4.98218
1014 4.98218
1015 4.98218
1016 4.98218
1017 4.98218
1018 4.98218
1019 4.98218
1020 4.98218
1021 4.98218
1022 4.98218
1023 4.98218
1024 4.98218
1025 4.98218
1026 4.98218
1027 4.98218
1028 4.98218
1029 4.98218
1030 4.98218
1031 4.98218
1032 4.98218
1033 4.98218
1034 4.98218
1035 4.98218
1036 4.98218
1037 4.98218
1038 4.98218
1039 4.98218
1040 4.98218
1041 4.98218
1042 4.98218
1043 4.98218
1044 4.98218
1045 4.98218
1046 4.98218
1047 4.98218
1048 4.98218
1049 4.98218
1050 4.98218
1051 4.98218
1052 4.98218
1053 4.98218
1054 4.98218
1055 4.98218
1056 4.98218
1057 4.98218
1058 4.98218
1059 4.98218
1060 4.98218
1061 4.98218
1062 4.98218
1063 4.98218
1064 4.98218
1065 4.98218
1066 4.98218
1067 4.98218
1068 4.98218
1069 4.98218
1070 4.98218
1071 4.98218
1072 4.98218
1073 4.98218
1074 4.98218
1075 4.98218
1076 4.98218
1077 4.98218
1078 4.98218
1079 4.98218
1080 4.98218
1081 4.98218
1082 4.98218
1083 4.98218
1084 4.98218
1085 4.98218
1086 4.98218
1087 4.98218
1088 4.98218
1089 4.98218
1090 4.98218
1091 4.98218
1092 4.98218
1093 4.98218
1094 4.98218
1095 4.98218
1096 4.98218
1097 4.98218
1098 4.98218
1099 4.98218
1100 4.98218
1101 4.98218
1102 4.98218
1103 4.98218
1104 4.98218
1105 4.98218
1106 4.98218
1107 4.98218
1108 4.98218
1109 4.98218
1110 4.98218
1111 4.98218
1112 4.98218
1113 4.98218
1114 4.98218
1115 4.98218
1116 4.98218
1117 4.98218
1118 4.98218
1119 4.98218
1120 4.98218
1121 4.98218
1122 4.98218
1123 4.98218
1124 4.98218
1125 4.98218
1126 4.98218
1127 4.98218
1128 4.98218
1129 4.98218
1130 4.98218
1131 4.98218
1132 4.98218
1133 4.98218
1134 4.98218
1135 4.98218
1136 4.98218
1137 4.98218
1138 4.98218
1139 4.98218
1140 4.98218
1141 4.98218
1142 4.98218
1143 4.98218
1144 4.98218
1145 4.98218
1146 4.98218
1147 4.98218
1148 4.98218
1149 4.98218
1150 4.98218
1151 4.98218
1152 4.98218
1153 4.98218
1154 4.98218
1155 4.98177
1156 4.98017
1157 4.97494
1158 4.96811
1159 4.96208
1160 4.96208
1161 4.96208
1162 4.96208
1163 4.96208
1164 4.96208
1165 4.96208
1166 4.96208
1167 4.96208
1168 4.96208
1169 4.96208
1170 4.96208
1171 4.96208
1172 4.96208
1173 4.96208
1174 4.96208
1175 4.96208
1176 4.96208
1177 4.96208
1178 4.96208
1179 4.96208
1180 4.96208
1181 4.96208
1182 4.96208
1183 4.96208
1184 4.96208
1185 4.96208
1186 4.96208
1187 4.96208
1188 4.96208
1189 4.96208
1190 4.96208
1191 4.96208
1192 4.96208
1193 4.96208
1194 4.96208
1195 4.96208
1196 4.96208
1197 4.96208
1198 4.96208
1199 4.96208
1200 4.96208
1201 4.96208
1202 4.96208
1203 4.96208
1204 4.96208
1205 4.96208
1206 4.96208
1207 4.96208
1208 4.96208
1209 4.96208
1210 4.96208
1211 4.96208
1212 4.96208
1213 4.96208
1214 4.96208
1215 4.96208
1216 4.96208
1217 4.96208
1218 4.96208
1219 4.96208
1220 4.96208
1221 4.96208
1222 4.96208
1223 4.96208
1224 4.96208
1225 4.96208
1226 4.96208
1227 4.96208
1228 4.96208
1229 4.96208
1230 4.96208
1231 4.96208
1232 4.96208
1233 4.96208
1234 4.96208
1235 4.96208
1236 4.96208
1237 4.96208
1238 4.96208
1239 4.96208
1240 4.96208
1241 4.96208
1242 4.96208
1243 4.96208
1244 4.96208
1245 4.96208
1246 4.96208
1247 4.96208
1248 4.96208
1249 4.96208
1250 4.96208
1251 4.96208
1252 4.96208
1253 4.96208
1254 4.96208
1255 4.96208
1256 4.96208
1257 4.96208
1258 4.96208
1259 4.96208
1260 4.96208
1261 4.96208
1262 4.96208
1263 4.96208
1264 4.96208
1265 4.96208
1266 4.96208
1267 4.96208
1268 4.96208
1269 4.96208
1270 4.96208
1271 4.96208
1272 4.96208
1273 4.96208
1274 4.96208
1275 4.96208
1276 4.96208
1277 4.96208
1278 4.96208
1279 4.96208
1280 4.96208
1281 4.96208
1282 4.96208
1283 4.96208
1284 4.96208
1285 4.96208
1286 4.96208
1287 4.96208
1288 4.96208
1289 4.96208
1290 4.96208
1291 4.96208
1292 4.96208
1293 4.96208
1294 4.96208
1295 4.96208
1296 4.96208
1297 4.96208
1298 4.96208
1299 4.96208
1300 4.96208
1301 4.96208
1302 4.96208
1303 4.96208
1304 4.96208
1305 4.96208
1306 4.96208
1307 4.96208
1308 4.96208
1309 4.96208
1310 4.96208
1311 4.96208
1312 4.96208
1313 4.96208
1314 4.96208
1315 4.96208
1316 4.96208
1317 4.96208
1318 4.96208
1319 4.96208
1320 4.96208
1321 4.96208
1322 4.96208
1323 4.96208
1324 4.96208
1325 4.96208
1326 4.96208
1327 4.96208
1328 4.96208
1329 4.96208
1330 4.96208
1331 4.96208
1332 4.96208
1333 4.96208
1334 4.96208
1335 4.96208
1336 4.96208
1337 4.96208
1338 4.96208
1339 4.96208
1340 4.96208
1341 4.96208
1342 4.96208
1343 4.96208
1344 4.96208
1345 4.96208
1346 4.96208
1347 4.96208
1348 4.96208
1349 4.96208
1350 4.96208
1351 4.96208
1352 4.96208
1353 4.96208
1354 4.96208
1355 4.96208
1356 4.96208
1357 4.96208
1358 4.96208
1359 4.96208
1360 4.96208
1361 4.96208
1362 4.96208
1363 4.96208
1364 4.96208
1365 4.96208
1366 4.96208
1367 4.96208
1368 4.96208
1369 4.96208
1370 4.96208
1371 4.96208
1372 4.96208
1373 4.96208
1374 4.96208
1375 4.96208
1376 4.96208
1377 4.96208
1378 4.96208
1379 4.96208
1380 4.96208
1381 4.96208
1382 4.96208
1383 4.96208
1384 4.96208
1385 4.96208
1386 4.96208
1387 4.96208
1388 4.96208
1389 4.96208
1390 4.96208
1391 4.96208
1392 4.96208
1393 4.96208
1394 4.96208
1395 4.96208
1396 4.96208
1397 4.96208
1398 4.96208
1399 4.96208
1400 4.96208
1401 4.96208
1402 4.96208
1403 4.96208
1404 4.96208
1405 4.96208
1406 4.96208
1407 4.96208
1408 4.96208
1409 4.96208
1410 4.96208
1411 4.96208
1412 4.96208
1413 4.96208
1414 4.96208
1415 4.96208
1416 4.96208
1417 4.96208
1418 4.96208
1419 4.96208
1420 4.96208
1421 4.96208
1422 4.96208
1423 4.96208
1424 4.96208
1425 4.96208
1426 4.96208
1427 4.96208
1428 4.96208
1429 4.96208
1430 4.96208
1431 4.96208
1432 4.96208
1433 4.96208
1434 4.96208
1435 4.96208
1436 4.96208
1437 4.96208
1438 4.96208
1439 4.96208
1440 4.96208
1441 4.96208
1442 4.96208
1443 4.96208
1444 4.96208
1445 4.96208
1446 4.96208
1447 4.96208
1448 4.96208
1449 4.96208
1450 4.96208
1451 4.96208
1452 4.96208
1453 4.96208
1454 4.96208
1455 4.96208
1456 4.96208
1457 4.96208
1458 4.96208
1459 4.96208
1460 4.96208
1461 4.96208
1462 4.96208
1463 4.96208
1464 4.96208
1465 4.96208
1466 4.96208
1467 4.96208
1468 4.96208
1469 4.96208
1470 4.96208
1471 4.96208
1472 4.96208
1473 4.96208
1474 4.96208
1475 4.96208
1476 4.96208
1477 4.96208
1478 4.96208
1479 4.96208
1480 4.96208
1481 4.96208
1482 4.96208
1483 4.96208
1484 4.96208
1485 4.96208
1486 4.96208
1487 4.96208
1488 4.96208
1489 4.96208
1490 4.96208
1491 4.96208
1492 4.96208
1493 4.96208
1494 4.96208
1495 4.96208
1496 4.96208
1497 4.96208
1498 4.96208
1499 4.96208
1500 4.96208
1501 4.96208
1502 4.96208
1503 4.96208
1504 4.96208
1505 4.96208
1506 4.96208
1507 4.96208
1508 4.96208
1509 4.96208
1510 4.96208
1511 4.96208
1512 4.96208
1513 4.96208
1514 4.96208
1515 4.96208
1516 4.96208
1517 4.96208
1518 4.96208
1519 4.96208
1520 4.96208
1521 4.96208
1522 4.96208
1523 4.96208
1524 4.96208
1525 4.96208
1526 4.96208
1527 4.96208
1528 4.96208
1529 4.96208
1530 4.96208
1531 4.96208
1532 4.96208
1533 4.96208
1534 4.96208
1535 4.96208
1536 4.96208
1537 4.96208
1538 4.96208
1539 4.96208
1540 4.96208
1541 4.96208
1542 4.96208
1543 4.96208
1544 4.96208
1545 4.96208
1546 4.96208
1547 4.96208
1548 4.96208
1549 4.96208
1550 4.96208
1551 4.96208
1552 4.96208
1553 4.96208
1554 4.96208
1555 4.96208
1556 4.96208
1557 4.96208
1558 4.96208
1559 4.96208
1560 4.96208
1561 4.96208
1562 4.96208
1563 4.96208
1564 4.96208
1565 4.96208
1566 4.96208
1567 4.96208
1568 4.96208
1569 4.96208
1570 4.96208
1571 4.96208
1572 4.96208
1573 4.96208
1574 4.96208
1575 4.96208
1576 4.96208
1577 4.96208
1578 4.96208
1579 4.96208
1580 4.96208
1581 4.96208
1582 4.96208
1583 4.96208
1584 4.96208
1585 4.96208
1586 4.96208
1587 4.96208
1588 4.96208
1589 4.96208
1590 4.96208
1591 4.96208
1592 4.96208
1593 4.96208
1594 4.96208
1595 4.96208
1596 4.96208
1597 4.96208
1598 4.96208
1599 4.96208
1600 4.96208
1601 4.96208
1602 4.96208
1603 4.96208
1604 4.96208
1605 4.96208
1606 4.96208
1607 4.96208
1608 4.96208
1609 4.96208
1610 4.96208
1611 4.96208
1612 4.96208
1613 4.96208
1614 4.96208
1615 4.96208
1616 4.96208
1617 4.96208
1618 4.96208
1619 4.96208
1620 4.96208
1621 4.96208
1622 4.96208
1623 4.96208
1624 4.96208
1625 4.96208
1626 4.96208
1627 4.96208
1628 4.96208
1629 4.96208
1630 4.96208
1631 4.96208
1632 4.96208
1633 4.96208
1634 4.96208
1635 4.96208
1636 4.96208
1637 4.96208
1638 4.96208
1639 4.96208
1640 4.96208
1641 4.96208
1642 4.96208
1643 4.96208
1644 4.96208
1645 4.96208
1646 4.96208
1647 4.96208
1648 4.96208
1649 4.96208
1650 4.96208
1651 4.96208
1652 4.96208
1653 4.96208
1654 4.96208
1655 4.96208
1656 4.96208
1657 4.96208
1658 4.96208
1659 4.96208
1660 4.96208
1661 4.96208
1662 4.96208
1663 4.96208
1664 4.96208
1665 4.96208
1666 4.96208
1667 4.96208
1668 4.96208
1669 4.96208
1670 4.96208
1671 4.96208
1672 4.96208
1673 4.96208
1674 4.96208
1675 4.96208
1676 4.96208
1677 4.96208
1678 4.96208
1679 4.96208
1680 4.96208
1681 4.96208
1682 4.96208
1683 4.96208
1684 4.96208
1685 4.96208
1686 4.96208
1687 4.96208
1688 4.96208
1689 4.96208
1690 4.96208
1691 4.96208
1692 4.96208
1693 4.96208
1694 4.96208
1695 4.96208
1696 4.96208
1697 4.96208
1698 4.96208
1699 4.96208
1700 4.96208
1701 4.96208
1702 4.96208
1703 4.96208
1704 4.96208
1705 4.96208
1706 4.96208
1707 4.96208
1708 4.96208
1709 4.96208
1710 4.96208
1711 4.96208
1712 4.96208
1713 4.96208
1714 4.96208
1715 4.96208
1716 4.96208
1717 4.96208
1718 4.96208
1719 4.96208
1720 4.96208
1721 4.96208
1722 4.96208
1723 4.96208
1724 4.96208
1725 4.96208
1726 4.96208
1727 4.96208
1728 4.96208
1729 4.96208
1730 4.96208
1731 4.96208
1732 4.96208
1733 4.96208
1734 4.96208
1735 4.96208
1736 4.96208
1737 4.96208
1738 4.96208
1739 4.96208
1740 4.96208
1741 4.96208
1742 4.96208
1743 4.96208
1744 4.96208
1745 4.96208
1746 4.96208
1747 4.96208
1748 4.96208
1749 4.96208
1750 4.96208
1751 4.96208
1752 4.96208
1753 4.96208
1754 4.96208
1755 4.96208
1756 4.96208
1757 4.96208
1758 4.96208
1759 4.96208
1760 4.96208
1761 4.96208
1762 4.96208
1763 4.96208
1764 4.96208
1765 4.96208
1766 4.96208
1767 4.96208
1768 4.96208
1769 4.96208
1770 4.96208
1771 4.96208
1772 4.96208
1773 4.96208
1774 4.96208
1775 4.96208
1776 4.96208
1777 4.96208
1778 4.96208
1779 4.96208
1780 4.96208
1781 4.96208
1782 4.96208
1783 4.96208
1784 4.96208
1785 4.96208
1786 4.96208
1787 4.96208
1788 4.96208
1789 4.96208
1790 4.96208
1791 4.96208
1792 4.96208
1793 4.96208
1794 4.96208
1795 4.96208
1796 4.96208
1797 4.96208
1798 4.96208
1799 4.96208
1800 4.96208
1801 4.96208
1802 4.96208
1803 4.96208
1804 4.96208
1805 4.96208
1806 4.96208
1807 4.96208
1808 4.96208
1809 4.96208
1810 4.96208
1811 4.96208
1812 4.96208
1813 4.96208
1814 4.96208
1815 4.96208
1816 4.96208
1817 4.96208
1818 4.96208
1819 4.96208
1820 4.96208
1821 4.96208
1822 4.96208
1823 4.96208
1824 4.96208
1825 4.96208
1826 4.96208
1827 4.96208
1828 4.96208
1829 4.96208
1830 4.96208
1831 4.96208
1832 4.96208
1833 4.96208
1834 4.96208
1835 4.96208
1836 4.96208
1837 4.96208
1838 4.96208
1839 4.96208
1840 4.96208
1841 4.96208
1842 4.96208
1843 4.96208
1844 4.96208
1845 4.96208
1846 4.96208
1847 4.96208
1848 4.96208
1849 4.96208
1850 4.96208
1851 4.96208
1852 4.96208
1853 4.96208
1854 4.96208
1855 4.96208
1856 4.96208
1857 4.96208
1858 4.96208
1859 4.96208
1860 4.96208
1861 4.96208
1862 4.96208
1863 4.96208
1864 4.96208
1865 4.96208
1866 4.96208
1867 4.96208
1868 4.96208
1869 4.96208
1870 4.96208
1871 4.96208
1872 4.96208
1873 4.96208
1874 4.96208
1875 4.96208
1876 4.96208
1877 4.96208
1878 4.96208
1879 4.96208
1880 4.96208
1881 4.96208
1882 4.96208
1883 4.96208
1884 4.96208
1885 4.96208
1886 4.96208
1887 4.96208
1888 4.96208
1889 4.96208
1890 4.96208
1891 4.96208
1892 4.96208
1893 4.96208
1894 4.96208
1895 4.96208
1896 4.96208
1897 4.96208
1898 4.96208
1899 4.96208
1900 4.96208
1901 4.96208
1902 4.96208
1903 4.96208
1904 4.96208
1905 4.96208
1906 4.96208
1907 4.96208
1908 4.96208
1909 4.96208
1910 4.96208
1911 4.96208
1912 4.96208
1913 4.96208
1914 4.96208
1915 4.96208
1916 4.96208
1917 4.96208
1918 4.96208
1919 4.96208
1920 4.96208
1921 4.96208
1922 4.96208
1923 4.96208
1924 4.96208
1925 4.96208
1926 4.96208
1927 4.96208
1928 4.96208
1929 4.96208
1930 4.96208
1931 4.96208
1932 4.96208
1933 4.96208
1934 4.96208
1935 4.96208
1936 4.96208
1937 4.96208
1938 4.96208
1939 4.96208
1940 4.96208
1941 4.96208
1942 4.96208
1943 4.96208
1944 4.96208
1945 4.96208
1946 4.96208
1947 4.96208
1948 4.96208
1949 4.96208
1950 4.96208
1951 4.96208
1952 4.96208
1953 4.96208
1954 4.96208
1955 4.96208
1956 4.96208
1957 4.96208
1958 4.96208
1959 4.96208
1960 4.96208
1961 4.96208
1962 4.96208
1963 4.96208
1964 4.96208
1965 4.96208
1966 4.96208
1967 4.96208
1968 4.96208
1969 4.96208
1970 4.96208
1971 4.96208
1972 4.96208
1973 4.96208
1974 4.96208
1975 4.96208
1976 4.96208
1977 4.96208
1978 4.96208
1979 4.96208
1980 4.96208
1981 4.96208
1982 4.96208
1983 4.96208
1984 4.96208
1985 4.96208
1986 4.96208
1987 4.96208
1988 4.96208
1989 4.96208
1990 4.96208
1991 4.96208
1992 4.96208
1993 4.96208
1994 4.96208
1995 4.96208
1996 4.96208
1997 4.96208
1998 4.96208
1999 4.96208
2000 4.96208
2001 4.96208
2002 4.96208
2003 4.96208
2004 4.96208
2005 4.96208
2006 4.96208
2007 4.96208
2008 4.96208
2009 4.96208
2010 4.96208
2011 4.96208
2012 4.96208
2013 4.96208
2014 4.96208
2015 4.96208
2016 4.96208
2017 4.96208
2018 4.96208
2019 4.96208
2020 4.96208
2021 4.96208
2022 4.96208
2023 4.96208
2024 4.96208
2025 4.96208
2026 4.96208
2027 4.96208
2028 4.96208
2029 4.96208
2030 4.96208
2031 4.96208
2032 4.96208
2033 4.96208
2034 4.96208
2035 4.96208
2036 4.96208
2037 4.96208
2038 4.96208
2039 4.96208
2040 4.96208
2041 4.96208
2042 4.96208
2043 4.96208
2044 4.96208
2045 4.96208
2046 4.96208
2047 4.96208
2048 4.96208
2049 4.96208
2050 4.96208
2051 4.96208
2052 4.96208
2053 4.96208
2054 4.96208
2055 4.96208
2056 4.96208
2057 4.96208
2058 4.96208
2059 4.96208
2060 4.96208
2061 4.96208
2062 4.96208
2063 4.96208
2064 4.96208
2065 4.96208
2066 4.96208
2067 4.96208
2068 4.96208
2069 4.96208
2070 4.96208
2071 4.96208
2072 4.96208
2073 4.96208
2074 4.96208
2075 4.96208
2076 4.96208
2077 4.96208
2078 4.96208
2079 4.96208
2080 4.96208
2081 4.96208
2082 4.96208
2083 4.96208
2084 4.96208
2085 4.96208
2086 4.96208
2087 4.96208
2088 4.96208
2089 4.96208
2090 4.96208
2091 4.96208
2092 4.96208
2093 4.96208
2094 4.96208
2095 4.96208
2096 4.96208
2097 4.96208
2098 4.96208
2099 4.96208
2100 4.96208
2101 4.96208
2102 4.96208
2103 4.96208
2104 4.96208
2105 4.96208
2106 4.96208
2107 4.96208
2108 4.96208
2109 4.96208
2110 4.96208
2111 4.96208
2112 4.96208
2113 4.96208
2114 4.96208
2115 4.96208
2116 4.96208
2117 4.96208
2118 4.96208
2119 4.96208
2120 4.96208
2121 4.96208
2122 4.96208
2123 4.96208
2124 4.96208
2125 4.96208
2126 4.96208
2127 4.96208
2128 4.96208
2129 4.96208
2130 4.96208
2131 4.96208
2132 4.96208
2133 4.96208
2134 4.96208
2135 4.96208
2136 4.96208
2137 4.96208
2138 4.96208
2139 4.96208
2140 4.96208
2141 4.96208
2142 4.96208
2143 4.96208
2144 4.96208
2145 4.96208
2146 4.96208
2147 4.96208
2148 4.96208
2149 4.96208
2150 4.96208
2151 4.96208
2152 4.96208
2153 4.96208
2154 4.96208
2155 4.96208
2156 4.96208
2157 4.96208
2158 4.96208
2159 4.96208
2160 4.96208
2161 4.96208
2162 4.96208
2163 4.96208
2164 4.96208
2165 4.96208
2166 4.96208
2167 4.96208
2168 4.96208
2169 4.96208
2170 4.96208
2171 4.96208
2172 4.96208
2173 4.96208
2174 4.96208
2175 4.96208
2176 4.96208
2177 4.96208
2178 4.96208
2179 4.96208
2180 4.96208
2181 4.96208
2182 4.96208
2183 4.96208
2184 4.96208
2185 4.96208
2186 4.96208
2187 4.96208
2188 4.96208
2189 4.96208
2190 4.96208
2191 4.96208
2192 4.96208
2193 4.96208
2194 4.96208
2195 4.96208
2196 4.96208
2197 4.96208
2198 4.96208
2199 4.96208
2200 4.96208
2201 4.96208
2202 4.96208
2203 4.96208
2204 4.96208
2205 4.96208
2206 4.96208
2207 4.96208
2208 4.96208
2209 4.96208
2210 4.96208
2211 4.96208
2212 4.96208
2213 4.96208
2214 4.96208
2215 4.96208
2216 4.96208
2217 4.96208
2218 4.96208
2219 4.96208
2220 4.96208
2221 4.96208
2222 4.96208
2223 4.96208
2224 4.96208
2225 4.96208
2226 4.96208
2227 4.96208
2228 4.96208
2229 4.96208
2230 4.96208
2231 4.96208
2232 4.96208
2233 4.96208
2234 4.96208
2235 4.96208
2236 4.96208
2237 4.96208
2238 4.96208
2239 4.96208
2240 4.96208
2241 4.96208
2242 4.96208
2243 4.96208
2244 4.96208
2245 4.96208
2246 4.96208
2247 4.96208
2248 4.96208
2249 4.96208
2250 4.96208
2251 4.96208
2252 4.96208
2253 4.96208
2254 4.96208
2255 4.96208
2256 4.96208
2257 4.96208
2258 4.96208
2259 4.96208
2260 4.96208
2261 4.96208
2262 4.96208
2263 4.96208
2264 4.96208
2265 4.96208
2266 4.96208
2267 4.96208
2268 4.96208
2269 4.96208
2270 4.96208
2271 4.96208
2272 4.96208
2273 4.96208
2274 4.96208
2275 4.96208
2276 4.96208
2277 4.96208
2278 4.96208
2279 4.96208
2280 4.96208
2281 4.96208
2282 4.96208
2283 4.96208
2284 4.96208
2285 4.96208
2286 4.96208
2287 4.96208
2288 4.96208
2289 4.96208
2290 4.96208
2291 4.96208
2292 4.96208
2293 4.96208
2294 4.96208
2295 4.96208
2296 4.96208
2297 4.96208
2298 4.96208
2299 4.96208
2300 4.96208
2301 4.96208
2302 4.96208
2303 4.96208
2304 4.96208
2305 4.96208
2306 4.96208
2307 4.96208
2308 4.96208
2309 4.96208
2310 4.96208
2311 4.96208
2312 4.96208
2313 4.96208
2314 4.96208
2315 4.96208
2316 4.96208
2317 4.96208
2318 4.96208
2319 4.96208
2320 4.96208
2321 4.96208
2322 4.96208
2323 4.96208
2324 4.96208
2325 4.96208
2326 4.96208
2327 4.96208
2328 4.96208
2329 4.96208
2330 4.96208
2331 4.96208
2332 4.96208
2333 4.96208
2334 4.96208
2335 4.96208
2336 4.96208
2337 4.96208
2338 4.96208
2339 4.96208
2340 4.96208
2341 4.96208
2342 4.96208
2343 4.96208
2344 4.96208
2345 4.96208
2346 4.96208
2347 4.96208
2348 4.96208
2349 4.96208
2350 4.96208
2351 4.96208
2352 4.96208
2353 4.96208
2354 4.96208
2355 4.96208
2356 4.96208
2357 4.96208
2358 4.96208
2359 4.96208
2360 4.96208
2361 4.96208
2362 4.96208
2363 4.96208
2364 4.96208
2365 4.96208
2366 4.96208
2367 4.96208
2368 4.96208
2369 4.96208
2370 4.96208
2371 4.96208
2372 4.96208
2373 4.96208
2374 4.96208
2375 4.96208
2376 4.96208
2377 4.96208
2378 4.96208
2379 4.96208
2380 4.96208
2381 4.96208
2382 4.96208
2383 4.96208
2384 4.96208
2385 4.96208
2386 4.96208
2387 4.96208
2388 4.96208
2389 4.96208
2390 4.96208
2391 4.96208
2392 4.96208
2393 4.96208
2394 4.96208
2395 4.96208
2396 4.96208
2397 4.96208
2398 4.96208
2399 4.96208
2400 4.96208
2401 4.96208
2402 4.96208
2403 4.96208
2404 4.96208
2405 4.96208
2406 4.96208
2407 4.96208
2408 4.96208
2409 4.96208
2410 4.96208
2411 4.96208
2412 4.96208
2413 4.96208
2414 4.96208
2415 4.96208
2416 4.96208
2417 4.96208
2418 4.96208
2419 4.96208
2420 4.96208
2421 4.96208
2422 4.96208
2423 4.96208
2424 4.96208
2425 4.96208
2426 4.96208
2427 4.96208
2428 4.96208
2429 4.96208
2430 4.96208
2431 4.96208
2432 4.96208
2433 4.96208
2434 4.96208
2435 4.96208
2436 4.96208
2437 4.96208
2438 4.96208
2439 4.96208
2440 4.96208
2441 4.96208
2442 4.96208
2443 4.96208
2444 4.96208
2445 4.96208
2446 4.96208
2447 4.96208
2448 4.96208
2449 4.96208
2450 4.96208
2451 4.96208
2452 4.96208
2453 4.96208
2454 4.96208
2455 4.96208
2456 4.96208
2457 4.96208
2458 4.96208
2459 4.96208
2460 4.96208
2461 4.96208
2462 4.96208
2463 4.96208
2464 4.96208
2465 4.96208
2466 4.96208
2467 4.96208
2468 4.96208
2469 4.96208
2470 4.96208
2471 4.96208
2472 4.96208
2473 4.96208
2474 4.96208
2475 4.96208
2476 4.96208
2477 4.96208
2478 4.96208
2479 4.96208
2480 4.96208
2481 4.96208
2482 4.96208
2483 4.96208
2484 4.96208
2485 4.96208
2486 4.96208
2487 4.96208
2488 4.96208
2489 4.96208
2490 4.96208
2491 4.96208
2492 4.96208
2493 4.96208
2494 4.96208
2495 4.96208
2496 4.96208
2497 4.96208
2498 4.96208
2499 4.96208
2500 4.96208
2501 4.96208
2502 4.96208
2503 4.96208
2504 4.96208
2505 4.96208
2506 4.96208
2507 4.96208
2508 4.96208
2509 4.96208
2510 4.96208
2511 4.96208
2512 4.96208
2513 4.96208
2514 4.96208
2515 4.96208
2516 4.96208
2517 4.96208
2518 4.96208
2519 4.96208
2520 4.96208
2521 4.96208
2522 4.96208
2523 4.96208
2524 4.96208
2525 4.96208
2526 4.96208
2527 4.96208
2528 4.96208
2529 4.96208
2530 4.96208
2531 4.96208
2532 4.96208
2533 4.96208
2534 4.96208
2535 4.96208
2536 4.96208
2537 4.96208
2538 4.96208
2539 4.96208
2540 4.96208
2541 4.96208
2542 4.96208
2543 4.96208
2544 4.96208
2545 4.96208
2546 4.96208
2547 4.96208
2548 4.96208
2549 4.96208
2550 4.96208
2551 4.96208
2552 4.96208
2553 4.96208
2554 4.96208
2555 4.96208
2556 4.96208
2557 4.96208
2558 4.96208
2559 4.96208
2560 4.96208
2561 4.96208
2562 4.96208
2563 4.96208
2564 4.96208
2565 4.96208
2566 4.96208
2567 4.96208
2568 4.96208
2569 4.96208
2570 4.96208
2571 4.96208
2572 4.96208
2573 4.96208
2574 4.96208
2575 4.96208
2576 4.96208
2577 4.96208
2578 4.96208
2579 4.96208
2580 4.96208
2581 4.96208
2582 4.96208
2583 4.96208
2584 4.96208
2585 4.96208
2586 4.96208
2587 4.96208
2588 4.96208
2589 4.96208
2590 4.96208
2591 4.96208
2592 4.96208
2593 4.96208
2594 4.96208
2595 4.96208
2596 4.96208
2597 4.96208
2598 4.96208
2599 4.96208
2600 4.96208
2601 4.96208
2602 4.96208
2603 4.96208
2604 4.96208
2605 4.96208
2606 4.96208
2607 4.96208
2608 4.96208
2609 4.96208
2610 4.96208
2611 4.96208
2612 4.96208
2613 4.96208
2614 4.96208
2615 4.96208
2616 4.96208
2617 4.96208
2618 4.96208
2619 4.96208
2620 4.96208
2621 4.96208
2622 4.96208
2623 4.96208
2624 4.96208
2625 4.96208
2626 4.96208
2627 4.96208
2628 4.96208
2629 4.96208
2630 4.96208
2631 4.96208
2632 4.96208
2633 4.96208
2634 4.96208
2635 4.96208
2636 4.96208
2637 4.96208
2638 4.96208
2639 4.96208
2640 4.96208
2641 4.96208
2642 4.96208
2643 4.96208
2644 4.96208
2645 4.96208
2646 4.96208
2647 4.96208
2648 4.96208
2649 4.96208
2650 4.96208
2651 4.96208
2652 4.96208
2653 4.96208
2654 4.96208
2655 4.96208
2656 4.96208
2657 4.96208
2658 4.96208
2659 4.96208
2660 4.96208
2661 4.96208
2662 4.96208
2663 4.96208
2664 4.96208
2665 4.96208
2666 4.96208
2667 4.96208
2668 4.96208
2669 4.96208
2670 4.96208
2671 4.96208
2672 4.96208
2673 4.96208
2674 4.96208
2675 4.96208
2676 4.96208
2677 4.96208
2678 4.96208
2679 4.96208
2680 4.96208
2681 4.96208
2682 4.96208
2683 4.96208
2684 4.96208
2685 4.96208
2686 4.96208
2687 4.96208
2688 4.96208
2689 4.96208
2690 4.96208
2691 4.96208
2692 4.96208
2693 4.96208
2694 4.96208
2695 4.96208
2696 4.96208
2697 4.96208
2698 4.96208
2699 4.96208
2700 4.96208
2701 4.96208
2702 4.96208
2703 4.96208
2704 4.96208
2705 4.96208
2706 4.96208
2707 4.96208
2708 4.96208
2709 4.96208
2710 4.96208
2711 4.96208
2712 4.96208
2713 4.96208
2714 4.96208
2715 4.96208
2716 4.96208
2717 4.96208
2718 4.96208
2719 4.96208
2720 4.96208
2721 4.96208
2722 4.96208
2723 4.96208
2724 4.96208
2725 4.96208
2726 4.96208
2727 4.96208
2728 4.96208
2729 4.96208
2730 4.96208
2731 4.96208
2732 4.96208
2733 4.96208
2734 4.96208
2735 4.96208
2736 4.96208
2737 4.96208
2738 4.96208
2739 4.96208
2740 4.96208
2741 4.96208
2742 4.96208
2743 4.96208
2744 4.96208
2745 4.96208
2746 4.96208
2747 4.96208
2748 4.96208
2749 4.96208
2750 4.96208
2751 4.96208
2752 4.96208
2753 4.96208
2754 4.96208
2755 4.96208
2756 4.96208
2757 4.96208
2758 4.96208
2759 4.96208
2760 4.96208
2761 4.96208
2762 4.96208
2763 4.96208
2764 4.96208
2765 4.96208
2766 4.96208
2767 4.96208
2768 4.96208
2769 4.96208
2770 4.96208
2771 4.96208
2772 4.96208
2773 4.96208
2774 4.96208
2775 4.96208
2776 4.96208
2777 4.96208
2778 4.96208
2779 4.96208
2780 4.96208
2781 4.96208
2782 4.96208
2783 4.96208
2784 4.96208
2785 4.96208
2786 4.96208
2787 4.96208
2788 4.96208
2789 4.96208
2790 4.96208
2791 4.96208
2792 4.96208
2793 4.96208
2794 4.96208
2795 4.96208
2796 4.96208
2797 4.96208
2798 4.96208
2799 4.96208
2800 4.96208
2801 4.96208
2802 4.96208
2803 4.96208
2804 4.96208
2805 4.96208
2806 4.96208
2807 4.96208
2808 4.96208
2809 4.96208
2810 4.96208
2811 4.96208
2812 4.96208
2813 4.96208
2814 4.96208
2815 4.96208
2816 4.96208
2817 4.96208
2818 4.96208
2819 4.96208
2820 4.96208
2821 4.96208
2822 4.96208
2823 4.96208
2824 4.96208
2825 4.96208
2826 4.96208
2827 4.96208
2828 4.96208
2829 4.96208
2830 4.96208
2831 4.96208
2832 4.96208
2833 4.96208
2834 4.96208
2835 4.96208
2836 4.96208
2837 4.96208
2838 4.96208
2839 4.96208
2840 4.96208
2841 4.96208
2842 4.96208
2843 4.96208
2844 4.96208
2845 4.96208
2846 4.96208
2847 4.96208
2848 4.96208
2849 4.96208
2850 4.96208
2851 4.96208
2852 4.96208
2853 4.96208
2854 4.96208
2855 4.96208
2856 4.96208
2857 4.96208
2858 4.96208
2859 4.96208
2860 4.96208
2861 4.96208
2862 4.96208
2863 4.96208
2864 4.96208
2865 4.96208
2866 4.96208
2867 4.96208
2868 4.96208
2869 4.96208
2870 4.96208
2871 4.96208
2872 4.96208
2873 4.96208
2874 4.96208
2875 4.96208
2876 4.96208
2877 4.96208
2878 4.96208
2879 4.96208
2880 4.96208
2881 4.96208
2882 4.96208
2883 4.96208
2884 4.96208
2885 4.96208
2886 4.96208
2887 4.96208
2888 4.96208
2889 4.96208
2890 4.96208
2891 4.96208
2892 4.96208
2893 4.96208
2894 4.96208
2895 4.96208
2896 4.96208
2897 4.96208
2898 4.96208
2899 4.96208
2900 4.96208
2901 4.96208
2902 4.96208
2903 4.96208
2904 4.96208
2905 4.96208
2906 4.96208
2907 4.96208
2908 4.96208
2909 4.96208
2910 4.96208
2911 4.96208
2912 4.96208
2913 4.96208
2914 4.96208
2915 4.96208
2916 4.96208
2917 4.96208
2918 4.96208
2919 4.96208
2920 4.96208
2921 4.96208
2922 4.96208
2923 4.96208
2924 4.96208
2925 4.96208
2926 4.96208
2927 4.96208
2928 4.96208
2929 4.96208
2930 4.96208
2931 4.96208
2932 4.96208
2933 4.96208
2934 4.96208
2935 4.96208
2936 4.96208
2937 4.96208
2938 4.96208
2939 4.96208
2940 4.96208
2941 4.96208
2942 4.96208
2943 4.96208
2944 4.96208
2945 4.96208
2946 4.96208
2947 4.96208
2948 4.96208
2949 4.96208
2950 4.96208
2951 4.96208
2952 4.96208
2953 4.96208
2954 4.96208
2955 4.96208
2956 4.96208
2957 4.96208
2958 4.96208
2959 4.96208
2960 4.96208
2961 4.96208
2962 4.96208
2963 4.96208
2964 4.96208
2965 4.96208
2966 4.96208
2967 4.96208
2968 4.96208
2969 4.96208
2970 4.96208
2971 4.96208
2972 4.96208
2973 4.96208
2974 4.96208
2975 4.96208
2976 4.96208
2977 4.96208
2978 4.96208
2979 4.96208
2980 4.96208
2981 4.96208
2982 4.96208
2983 4.96208
2984 4.96208
2985 4.96208
2986 4.96208
2987 4.96208
2988 4.96208
2989 4.96208
2990 4.96208
2991 4.96208
2992 4.96208
2993 4.96208
2994 4.96208
2995 4.96208
2996 4.96208
2997 4.96208
2998 4.96208
2999 4.96208
3000 4.96208
3001 4.96208
3002 4.96208
3003 4.96208
3004 4.96208
3005 4.96208
3006 4.96208
3007 4.96208
3008 4.96208
3009 4.96208
3010 4.96208
3011 4.96208
3012 4.96208
3013 4.96208
3014 4.96208
3015 4.96208
3016 4.96208
3017 4.96208
3018 4.96208
3019 4.96208
3020 4.96208
3021 4.96208
3022 4.96208
3023 4.96208
3024 4.96208
3025 4.96208
3026 4.96208
3027 4.96208
3028 4.96208
3029 4.96208
3030 4.96208
3031 4.96208
3032 4.96208
3033 4.96208
3034 4.96208
3035 4.96208
3036 4.96208
3037 4.96208
3038 4.96208
3039 4.96208
3040 4.96208
3041 4.96208
3042 4.96208
3043 4.96208
3044 4.96208
3045 4.96208
3046 4.96208
3047 4.96208
3048 4.96208
3049 4.96208
3050 4.96208
3051 4.96208
3052 4.96208
3053 4.96208
3054 4.96208
3055 4.96208
3056 4.96208
3057 4.96208
3058 4.96208
3059 4.96208
3060 4.96208
3061 4.96208
3062 4.96208
3063 4.96208
3064 4.96208
3065 4.96208
3066 4.96208
3067 4.96208
3068 4.96208
3069 4.96208
3070 4.96208
3071 4.96208
3072 4.96208
3073 4.96208
3074 4.96208
3075 4.96208
3076 4.96208
3077 4.96208
3078 4.96208
3079 4.96208
3080 4.96208
3081 4.96208
3082 4.96208
3083 4.96208
3084 4.96208
3085 4.96208
3086 4.96208
3087 4.96208
3088 4.96208
3089 4.96208
3090 4.96208
3091 4.96208
3092 4.96208
3093 4.96208
3094 4.96208
3095 4.96208
3096 4.96208
3097 4.96208
3098 4.96208
3099 4.96208
3100 4.96208
3101 4.96208
3102 4.96208
3103 4.96208
3104 4.96208
3105 4.96208
3106 4.96208
3107 4.96208
3108 4.96208
3109 4.96208
3110 4.96208
3111 4.96208
3112 4.96208
3113 4.96208
3114 4.96208
3115 4.96208
3116 4.96208
3117 4.96208
3118 4.96208
3119 4.96208
3120 4.96208
3121 4.96208
3122 4.96208
3123 4.96208
3124 4.96208
3125 4.96208
3126 4.96208
3127 4.96208
3128 4.96208
3129 4.96208
3130 4.96208
3131 4.96208
3132 4.96208
3133 4.96208
3134 4.96208
3135 4.96208
3136 4.96208
3137 4.96208
3138 4.96208
3139 4.96208
3140 4.96208
3141 4.96208
3142 4.96208
3143 4.96208
3144 4.96208
3145 4.96208
3146 4.96208
3147 4.96208
3148 4.96208
3149 4.96208
3150 4.96208
3151 4.96208
3152 4.96208
3153 4.96208
3154 4.96208
3155 4.96208
3156 4.96208
3157 4.96208
3158 4.96208
3159 4.96208
3160 4.96208
3161 4.96208
3162 4.96208
3163 4.96208
3164 4.96208
3165 4.96208
3166 4.96208
3167 4.96208
3168 4.96208
3169 4.96208
3170 4.96208
3171 4.96208
3172 4.96208
3173 4.96208
3174 4.96208
3175 4.96208
3176 4.96208
3177 4.96208
3178 4.96208
3179 4.96208
3180 4.96208
3181 4.96208
3182 4.96208
3183 4.96208
3184 4.96208
3185 4.96208
3186 4.96208
3187 4.96208
3188 4.96208
3189 4.96208
3190 4.96208
3191 4.96208
3192 4.96208
3193 4.96208
3194 4.96208
3195 4.96208
3196 4.96208
3197 4.96208
3198 4.96208
3199 4.96208
3200 4.96208
3201 4.96208
3202 4.96208
3203 4.96208
3204 4.96208
3205 4.96208
3206 4.96208
3207 4.96208
3208 4.96208
3209 4.96208
3210 4.96208
3211 4.96208
3212 4.96208
3213 4.96208
3214 4.96208
3215 4.96208
3216 4.96208
3217 4.96208
3218 4.96208
3219 4.96208
3220 4.96208
3221 4.96208
3222 4.96208
3223 4.96208
3224 4.96208
3225 4.96208
3226 4.96208
3227 4.96208
3228 4.96208
3229 4.96208
3230 4.96208
3231 4.96208
3232 4.96208
3233 4.96208
3234 4.96208
3235 4.96208
3236 4.96208
3237 4.96208
3238 4.96208
3239 4.96208
3240 4.96208
3241 4.96208
3242 4.96208
3243 4.96208
3244 4.96208
3245 4.96208
3246 4.96208
3247 4.96208
3248 4.96208
3249 4.96208
3250 4.96208
3251 4.96208
3252 4.96208
3253 4.96208
3254 4.96208
3255 4.96208
3256 4.96208
3257 4.96208
3258 4.96208
3259 4.96208
3260 4.96208
3261 4.96208
3262 4.96208
3263 4.96208
3264 4.96208
3265 4.96208
3266 4.96208
3267 4.96208
3268 4.96208
3269 4.96208
3270 4.96208
3271 4.96208
3272 4.96208
3273 4.96208
3274 4.96208
3275 4.96208
3276 4.96208
3277 4.96208
3278 4.96208
3279 4.96208
3280 4.96208
3281 4.96208
3282 4.96208
3283 4.96208
3284 4.96208
3285 4.96208
3286 4.96208
3287 4.96208
3288 4.96208
3289 4.96208
3290 4.96208
3291 4.96208
3292 4.96208
3293 4.96208
3294 4.96208
3295 4.96208
3296 4.96208
3297 4.96208
3298 4.96208
3299 4.96208
3300 4.96208
3301 4.96208
3302 4.96208
3303 4.96208
3304 4.96208
3305 4.96208
3306 4.96208
3307 4.96208
3308 4.96208
3309 4.96208
3310 4.96208
3311 4.96208
3312 4.96208
3313 4.96208
3314 4.96208
3315 4.96208
3316 4.96208
3317 4.96208
3318 4.96208
3319 4.96208
3320 4.96208
3321 4.96208
3322 4.96208
3323 4.96208
3324 4.96208
3325 4.96208
3326 4.96208
3327 4.96208
3328 4.96208
3329 4.96208
3330 4.96208
3331 4.96208
3332 4.96208
3333 4.96208
3334 4.96208
3335 4.96208
3336 4.96208
3337 4.96208
3338 4.96208
3339 4.96208
3340 4.96208
3341 4.96208
3342 4.96208
3343 4.96208
3344 4.96208
3345 4.96208
3346 4.96208
3347 4.96208
3348 4.96208
3349 4.96208
3350 4.96208
3351 4.96208
3352 4.96208
3353 4.96208
3354 4.96208
3355 4.96208
3356 4.96208
3357 4.96208
3358 4.96208
3359 4.96208
3360 4.96208
3361 4.96208
3362 4.96208
3363 4.96208
3364 4.96208
3365 4.96208
3366 4.96208
3367 4.96208
3368 4.96208
3369 4.96208
3370 4.96208
3371 4.96208
3372 4.96208
3373 4.96208
3374 4.96208
3375 4.96208
3376 4.96208
3377 4.96208
3378 4.96208
3379 4.96208
3380 4.96208
3381 4.96208
3382 4.96208
3383 4.96208
3384 4.96208
3385 4.96208
3386 4.96208
3387 4.96208
3388 4.96208
3389 4.96208
3390 4.96208
3391 4.96208
3392 4.96208
3393 4.96208
3394 4.96208
3395 4.96208
3396 4.96208
3397 4.96208
3398 4.96208
3399 4.96208
3400 4.96208
3401 4.96208
3402 4.96208
3403 4.96208
3404 4.96208
3405 4.96208
3406 4.96208
3407 4.96208
3408 4.96208
3409 4.96208
3410 4.96208
3411 4.96208
3412 4.96208
3413 4.96208
3414 4.96208
3415 4.96208
3416 4.96208
3417 4.96208
3418 4.96208
3419 4.96208
3420 4.96208
3421 4.96208
3422 4.96208
3423 4.96208
3424 4.96208
3425 4.96208
3426 4.96208
3427 4.96208
3428 4.96208
3429 4.96208
3430 4.96208
3431 4.96208
3432 4.96208
3433 4.96208
3434 4.96208
3435 4.96208
3436 4.96208
3437 4.96208
3438 4.96208
3439 4.96208
3440 4.96208
3441 4.96208
3442 4.96208
3443 4.96208
3444 4.96208
3445 4.96208
3446 4.96208
3447 4.96208
3448 4.96208
3449 4.96208
3450 4.96208
3451 4.96208
3452 4.96208
3453 4.96208
3454 4.96208
3455 4.96208
3456 4.96208
3457 4.96208
3458 4.96208
3459 4.96208
3460 4.96208
3461 4.96208
3462 4.96208
3463 4.96208
3464 4.96208
3465 4.96208
3466 4.96208
3467 4.96208
3468 4.96208
3469 4.96208
3470 4.96208
3471 4.96208
3472 4.96208
3473 4.96208
3474 4.96208
3475 4.96208
3476 4.96208
3477 4.96208
3478 4.96208
3479 4.96208
3480 4.96208
3481 4.96208
3482 4.96208
3483 4.96208
3484 4.96208
3485 4.96208
3486 4.96208
3487 4.96208
3488 4.96208
3489 4.96208
3490 4.96208
3491 4.96208
3492 4.96208
3493 4.96208
3494 4.96208
3495 4.96208
3496 4.96208
3497 4.96208
3498 4.96208
3499 4.96208
3500 4.96208
3501 4.96208
3502 4.96208
3503 4.96208
3504 4.96208
3505 4.96208
3506 4.96208
3507 4.96208
3508 4.96208
3509 4.96208
3510 4.96208
3511 4.96208
3512 4.96208
3513 4.96208
3514 4.96208
3515 4.96208
3516 4.96208
3517 4.96208
3518 4.96208
3519 4.96208
3520 4.96208
3521 4.96208
3522 4.96208
3523 4.96208
3524 4.96208
3525 4.96208
3526 4.96208
3527 4.96208
3528 4.96208
3529 4.96208
3530 4.96208
3531 4.96208
3532 4.96208
3533 4.96208
3534 4.96208
3535 4.96208
3536 4.96208
3537 4.96208
3538 4.96208
3539 4.96208
3540 4.96208
3541 4.96208
3542 4.96208
3543 4.96208
3544 4.96208
3545 4.96208
3546 4.96208
3547 4.96208
3548 4.96208
3549 4.96208
3550 4.96208
3551 4.96208
3552 4.96208
3553 4.96208
3554 4.96208
3555 4.96208
3556 4.96208
3557 4.96208
3558 4.96208
3559 4.96208
3560 4.96208
3561 4.96208
3562 4.96208
3563 4.96208
3564 4.96208
3565 4.96208
3566 4.96208
3567 4.96208
3568 4.96208
3569 4.96208
3570 4.96208
3571 4.96208
3572 4.96208
3573 4.96208
3574 4.96208
3575 4.96208
3576 4.96208
3577 4.96208
3578 4.96208
3579 4.96208
3580 4.96208
3581 4.96208
3582 4.96208
3583 4.96208
3584 4.96208
3585 4.96208
3586 4.96208
3587 4.96208
3588 4.96208
3589 4.96208
3590 4.96208
3591 4.96208
3592 4.96208
3593 4.96208
3594 4.96208
3595 4.96208
3596 4.96208
3597 4.96208
3598 4.96208
3599 4.96208
3600 4.96208
3601 4.96208
3602 4.96208
3603 4.96208
3604 4.96208
3605 4.96208
3606 4.96208
3607 4.96208
3608 4.96208
3609 4.96208
3610 4.96208
3611 4.96208
3612 4.96208
3613 4.96208
3614 4.96208
3615 4.96208
3616 4.96208
3617 4.96208
3618 4.96208
3619 4.96208
3620 4.96208
3621 4.96208
3622 4.96208
3623 4.96208
3624 4.96208
3625 4.96208
3626 4.96208
3627 4.96208
3628 4.96208
3629 4.96208
3630 4.96208
3631 4.96208
3632 4.96208
3633 4.96208
3634 4.96208
3635 4.96208
3636 4.96208
3637 4.96208
3638 4.96208
3639 4.96208
3640 4.96208
3641 4.96208
3642 4.96208
3643 4.96208
3644 4.96208
3645 4.96208
3646 4.96208
3647 4.96208
3648 4.96208
3649 4.96208
3650 4.96208
3651 4.96208
3652 4.96208
3653 4.96208
3654 4.96208
3655 4.96208
3656 4.96208
3657 4.96208
3658 4.96208
3659 4.96208
3660 4.96208
3661 4.96208
3662 4.96208
3663 4.96208
3664 4.96208
3665 4.96208
3666 4.96208
3667 4.96208
3668 4.96208
3669 4.96208
3670 4.96208
3671 4.96208
3672 4.96208
3673 4.96208
3674 4.96208
3675 4.96208
3676 4.96208
3677 4.96208
3678 4.96208
3679 4.96208
3680 4.96208
3681 4.96208
3682 4.96208
3683 4.96208
3684 4.96208
3685 4.96208
3686 4.96208
3687 4.96208
3688 4.96208
3689 4.96208
3690 4.96208
3691 4.96208
3692 4.96208
3693 4.96208
3694 4.96208
3695 4.96208
3696 4.96208
3697 4.96208
3698 4.96208
3699 4.96208
3700 4.96208
3701 4.96208
3702 4.96208
3703 4.96208
3704 4.96208
3705 4.96208
3706 4.96208
3707 4.96208
3708 4.96208
3709 4.96208
3710 4.96208
3711 4.96208
3712 4.96208
3713 4.96208
3714 4.96208
3715 4.96208
3716 4.96208
3717 4.96208
3718 4.96208
3719 4.96208
3720 4.96208
3721 4.96208
3722 4.96208
3723 4.96208
3724 4.96208
3725 4.96208
3726 4.96208
3727 4.96208
3728 4.96208
3729 4.96208
3730 4.96208
3731 4.96208
3732 4.96208
3733 4.96208
3734 4.96208
3735 4.96208
3736 4.96208
3737 4.96208
3738 4.96208
3739 4.96208
3740 4.96208
3741 4.96208
3742 4.96208
3743 4.96208
3744 4.96208
3745 4.96208
3746 4.96208
3747 4.96208
3748 4.96208
3749 4.96208
3750 4.96208
3751 4.96208
3752 4.96208
3753 4.96208
3754 4.96208
3755 4.96208
3756 4.96208
3757 4.96208
3758 4.96208
3759 4.96208
3760 4.96208
3761 4.96208
3762 4.96208
3763 4.96208
3764 4.96208
3765 4.96208
3766 4.96208
3767 4.96208
3768 4.96208
3769 4.96208
3770 4.96208
3771 4.96208
3772 4.96208
3773 4.96208
3774 4.96208
3775 4.96208
3776 4.96208
3777 4.96208
3778 4.96208
3779 4.96208
3780 4.96208
3781 4.96208
3782 4.96208
3783 4.96208
3784 4.96208
3785 4.96208
3786 4.96208
3787 4.96208
3788 4.96208
3789 4.96208
3790 4.96208
3791 4.96208
3792 4.96208
3793 4.96208
3794 4.96208
3795 4.96208
3796 4.96208
3797 4.96208
3798 4.96208
3799 4.96208
3800 4.96208
3801 4.96208
3802 4.96208
3803 4.96208
3804 4.96208
3805 4.96208
3806 4.96208
3807 4.96208
3808 4.96208
3809 4.96208
3810 4.96208
3811 4.96208
3812 4.96208
3813 4.96208
3814 4.96208
3815 4.96208
3816 4.96208
3817 4.96208
3818 4.96208
3819 4.96208
3820 4.96208
3821 4.96208
3822 4.96208
3823 4.96208
3824 4.96208
3825 4.96208
3826 4.96208
3827 4.96208
3828 4.96208
3829 4.96208
3830 4.96208
3831 4.96208
3832 4.96208
3833 4.96208
3834 4.96208
3835 4.96208
3836 4.96208
3837 4.96208
3838 4.96208
3839 4.96208
3840 4.96208
3841 4.96208
3842 4.96208
3843 4.96208
3844 4.96208
3845 4.96208
3846 4.96208
3847 4.96208
3848 4.96208
3849 4.96208
3850 4.96208
3851 4.96208
3852 4.96208
3853 4.96208
3854 4.96208
3855 4.96208
3856 4.96208
3857 4.96208
3858 4.96208
3859 4.96208
3860 4.96208
3861 4.96208
3862 4.96208
3863 4.96208
3864 4.96208
3865 4.96208
3866 4.96208
3867 4.96208
3868 4.96208
3869 4.96208
3870 4.96208
3871 4.96208
3872 4.96208
3873 4.96208
3874 4.96208
3875 4.96208
3876 4.96208
3877 4.96208
3878 4.96208
3879 4.96208
3880 4.96208
3881 4.96208
3882 4.96208
3883 4.96208
3884 4.96208
3885 4.96208
3886 4.96208
3887 4.96208
3888 4.96208
3889 4.96208
3890 4.96208
3891 4.96208
3892 4.96208
3893 4.96208
3894 4.96208
3895 4.96208
3896 4.96208
3897 4.96208
3898 4.96208
3899 4.96208
3900 4.96208
3901 4.96208
3902 4.96208
3903 4.96208
3904 4.96208
3905 4.96208
3906 4.96208
3907 4.96208
3908 4.96208
3909 4.96208
3910 4.96208
3911 4.96208
3912 4.96208
3913 4.96208
3914 4.96208
3915 4.96208
3916 4.96208
3917 4.96208
3918 4.96208
3919 4.96208
3920 4.96208
3921 4.96208
3922 4.96208
3923 4.96208
3924 4.96208
3925 4.96208
3926 4.96208
3927 4.96208
3928 4.96208
3929 4.96208
3930 4.96208
3931 4.96208
3932 4.96208
3933 4.96208
3934 4.96208
3935 4.96208
3936 4.96208
3937 4.96208
3938 4.96208
3939 4.96208
3940 4.96208
3941 4.96208
3942 4.96208
3943 4.96208
3944 4.96208
3945 4.96208
3946 4.96208
3947 4.96208
3948 4.96208
3949 4.96208
3950 4.96208
3951 4.96208
3952 4.96208
3953 4.96208
3954 4.96208
3955 4.96208
3956 4.96208
3957 4.96208
3958 4.96208
3959 4.96208
3960 4.96208
3961 4.96208
3962 4.96208
3963 4.96208
3964 4.96208
3965 4.96208
3966 4.96208
3967 4.96208
3968 4.96208
3969 4.96208
3970 4.96208
3971 4.96208
3972 4.96208
3973 4.96208
3974 4.96208
3975 4.96208
3976 4.96208
3977 4.96208
3978 4.96208
3979 4.96208
3980 4.96208
3981 4.96208
3982 4.96208
3983 4.96208
3984 4.96208
3985 4.96208
3986 4.96208
3987 4.96208
3988 4.96208
3989 4.96208
3990 4.96208
3991 4.96208
3992 4.96208
3993 4.96208
3994 4.96208
3995 4.96208
3996 4.96208
3997 4.96208
3998 4.96208
3999 4.96208
4000 4.96208
4001 4.96208
4002 4.96208
4003 4.96208
4004 4.96208
4005 4.96208
4006 4.96208
4007 4.96208
4008 4.96208
4009 4.96208
4010 4.96208
4011 4.96208
4012 4.96208
4013 4.96208
4014 4.96208
4015 4.96208
4016 4.96208
4017 4.96208
4018 4.96208
4019 4.96208
4020 4.96208
4021 4.96208
4022 4.96208
4023 4.96208
4024 4.96208
4025 4.96208
4026 4.96208
4027 4.96208
4028 4.96208
4029 4.96208
4030 4.96208
4031 4.96208
4032 4.96208
4033 4.96208
4034 4.96208
4035 4.96208
4036 4.96208
4037 4.96208
4038 4.96208
4039 4.96208
4040 4.96208
4041 4.96208
4042 4.96208
4043 4.96208
4044 4.96208
4045 4.96208
4046 4.96208
4047 4.96208
4048 4.96208
4049 4.96208
4050 4.96208
4051 4.96208
4052 4.96208
4053 4.96208
4054 4.96208
4055 4.96208
4056 4.96208
4057 4.96208
4058 4.96208
4059 4.96208
4060 4.96208
4061 4.96208
4062 4.96208
4063 4.96208
4064 4.96208
4065 4.96208
4066 4.96208
4067 4.96208
4068 4.96208
4069 4.96208
4070 4.96208
4071 4.96208
4072 4.96208
4073 4.96208
4074 4.96208
4075 4.96208
4076 4.96208
4077 4.96208
4078 4.96208
4079 4.96208
4080 4.96208
4081 4.96208
4082 4.96208
4083 4.96208
4084 4.96208
4085 4.96208
4086 4.96208
4087 4.96208
4088 4.96208
4089 4.96208
4090 4.96208
4091 4.96208
4092 4.96208
4093 4.96208
4094 4.96208
4095 4.96208
4096 4.96208
4097 4.96208
4098 4.96208
4099 4.96208
4100 4.96208
4101 4.96208
4102 4.96208
4103 4.96208
4104 4.96208
4105 4.96208
4106 4.96208
4107 4.96208
4108 4.96208
4109 4.96208
4110 4.96208
4111 4.96208
4112 4.96208
4113 4.96208
4114 4.96208
4115 4.96208
4116 4.96208
4117 4.96208
4118 4.96208
4119 4.96208
4120 4.96208
4121 4.96208
4122 4.96208
4123 4.96208
4124 4.96208
4125 4.96208
4126 4.96208
4127 4.96208
4128 4.96208
4129 4.96208
4130 4.96208
4131 4.96208
4132 4.96208
4133 4.96208
4134 4.96208
4135 4.96208
4136 4.96208
4137 4.96208
4138 4.96208
4139 4.96208
4140 4.96208
4141 4.96208
4142 4.96208
4143 4.96208
4144 4.96208
4145 4.96208
4146 4.96208
4147 4.96208
4148 4.96208
4149 4.96208
4150 4.96208
4151 4.96208
4152 4.96208
4153 4.96208
4154 4.96208
4155 4.96208
4156 4.96208
4157 4.96208
4158 4.96208
4159 4.96208
4160 4.96208
4161 4.96208
4162 4.96208
4163 4.96208
4164 4.96208
4165 4.96208
4166 4.96208
4167 4.96208
4168 4.96208
4169 4.96208
4170 4.96208
4171 4.96208
4172 4.96208
4173 4.96208
4174 4.96208
4175 4.96208
4176 4.96208
4177 4.96208
4178 4.96208
4179 4.96208
4180 4.96208
4181 4.96208
4182 4.96208
4183 4.96208
4184 4.96208
4185 4.96208
4186 4.96208
4187 4.96208
4188 4.96208
4189 4.96208
4190 4.96208
4191 4.96208
4192 4.96208
4193 4.96208
4194 4.96208
4195 4.96208
4196 4.96208
4197 4.96208
4198 4.96208
4199 4.96208
4200 4.96208
4201 4.96208
4202 4.96208
4203 4.96208
4204 4.96208
4205 4.96208
4206 4.96208
4207 4.96208
4208 4.96208
4209 4.96208
4210 4.96208
4211 4.96208
4212 4.96208
4213 4.96208
4214 4.96208
4215 4.96208
4216 4.96208
4217 4.96208
4218 4.96208
4219 4.96208
4220 4.96208
4221 4.96208
4222 4.96208
4223 4.96208
4224 4.96208
4225 4.96208
4226 4.96208
4227 4.96208
4228 4.96208
4229 4.96208
4230 4.96208
4231 4.96208
4232 4.96208
4233 4.96208
4234 4.96208
4235 4.96208
4236 4.96208
4237 4.96208
4238 4.96208
4239 4.96208
4240 4.96208
4241 4.96208
4242 4.96208
4243 4.96208
4244 4.96208
4245 4.96208
4246 4.96208
4247 4.96208
4248 4.96208
4249 4.96208
4250 4.96208
4251 4.96208
4252 4.96208
4253 4.96208
4254 4.96208
4255 4.96208
4256 4.96208
4257 4.96208
4258 4.96208
4259 4.96208
4260 4.96208
4261 4.96208
4262 4.96208
4263 4.96208
4264 4.96208
4265 4.96208
4266 4.96208
4267 4.96208
4268 4.96208
4269 4.96208
4270 4.96208
4271 4.96208
4272 4.96208
4273 4.96208
4274 4.96208
4275 4.96208
4276 4.96208
4277 4.96208
4278 4.96208
4279 4.96208
4280 4.96208
4281 4.96208
4282 4.96208
4283 4.96208
4284 4.96208
4285 4.96208
4286 4.96208
4287 4.96208
4288 4.96208
4289 4.96208
4290 4.96208
4291 4.96208
4292 4.96208
4293 4.96208
4294 4.96208
4295 4.96208
4296 4.96208
4297 4.96208
4298 4.96208
4299 4.96208
4300 4.96208
4301 4.96208
4302 4.96208
4303 4.96208
4304 4.96208
4305 4.96208
4306 4.96208
4307 4.96208
4308 4.96208
4309 4.96208
4310 4.96208
4311 4.96208
4312 4.96208
4313 4.96208
4314 4.96208
4315 4.96208
4316 4.96208
4317 4.96208
4318 4.96208
4319 4.96208
4320 4.96208
4321 4.96208
4322 4.96208
4323 4.96208
4324 4.96208
4325 4.96208
4326 4.96208
4327 4.96208
4328 4.96208
4329 4.96208
4330 4.96208
4331 4.96208
4332 4.96208
4333 4.96208
4334 4.96208
4335 4.96208
4336 4.96208
4337 4.96208
4338 4.96208
4339 4.96208
4340 4.96208
4341 4.96208
4342 4.96208
4343 4.96208
4344 4.96208
4345 4.96208
4346 4.96208
4347 4.96208
4348 4.96208
4349 4.96208
4350 4.96208
4351 4.96208
4352 4.96208
4353 4.96208
4354 4.96208
4355 4.96208
4356 4.96208
4357 4.96208
4358 4.96208
4359 4.96208
4360 4.96208
4361 4.96208
4362 4.96208
4363 4.96208
4364 4.96208
4365 4.96208
4366 4.96208
4367 4.96208
4368 4.96208
4369 4.96208
4370 4.96208
4371 4.96208
4372 4.96208
4373 4.96208
4374 4.96208
4375 4.96208
4376 4.96208
4377 4.96208
4378 4.96208
4379 4.96208
4380 4.96208
4381 4.96208
4382 4.96208
4383 4.96208
4384 4.96208
4385 4.96208
4386 4.96208
4387 4.96208
4388 4.96208
4389 4.96208
4390 4.96208
4391 4.96208
4392 4.96208
4393 4.96208
4394 4.96208
4395 4.96208
4396 4.96208
4397 4.96208
4398 4.96208
4399 4.96208
4400 4.96208
4401 4.96208
4402 4.96208
4403 4.96208
4404 4.96208
4405 4.96208
4406 4.96208
4407 4.96208
4408 4.96208
4409 4.96208
4410 4.96208
4411 4.96208
4412 4.96208
4413 4.96208
4414 4.96208
4415 4.96208
4416 4.96208
4417 4.96208
4418 4.96208
4419 4.96208
4420 4.96208
4421 4.96208
4422 4.96208
4423 4.96208
4424 4.96208
4425 4.96208
4426 4.96208
4427 4.96208
4428 4.96208
4429 4.96208
4430 4.96208
4431 4.96208
4432 4.96208
4433 4.96208
4434 4.96208
4435 4.96208
4436 4.96208
4437 4.96208
4438 4.96208
4439 4.96208
4440 4.96208
4441 4.96208
4442 4.96208
4443 4.96208
4444 4.96208
4445 4.96208
4446 4.96208
4447 4.96208
4448 4.96208
4449 4.96208
4450 4.96208
4451 4.96208
4452 4.96208
4453 4.96208
4454 4.96208
4455 4.96208
4456 4.96208
4457 4.96208
4458 4.96208
4459 4.96208
4460 4.96208
4461 4.96208
4462 4.96208
4463 4.96208
4464 4.96208
4465 4.96208
4466 4.96208
4467 4.96208
4468 4.96208
4469 4.96208
4470 4.96208
4471 4.96208
4472 4.96208
4473 4.96208
4474 4.96208
4475 4.96208
4476 4.96208
4477 4.96208
4478 4.96208
4479 4.96208
4480 4.96208
4481 4.96208
4482 4.96208
4483 4.96208
4484 4.96208
4485 4.96208
4486 4.96208
4487 4.96208
4488 4.96208
4489 4.96208
4490 4.96208
4491 4.96208
4492 4.96208
4493 4.96208
4494 4.96208
4495 4.96208
4496 4.96208
4497 4.96208
4498 4.96208
4499 4.96208
4500 4.96208
4501 4.96208
4502 4.96208
4503 4.96208
4504 4.96208
4505 4.96208
4506 4.96208
4507 4.96208
4508 4.96208
4509 4.96208
4510 4.96208
4511 4.96208
4512 4.96208
4513 4.96208
4514 4.96208
4515 4.96208
4516 4.96208
4517 4.96208
4518 4.96208
4519 4.96208
4520 4.96208
4521 4.96208
4522 4.96208
4523 4.96208
4524 4.96208
4525 4.96208
4526 4.96208
4527 4.96208
4528 4.96208
4529 4.96208
4530 4.96208
4531 4.96208
4532 4.96208
4533 4.96208
4534 4.96208
4535 4.96208
4536 4.96208
4537 4.96208
4538 4.96208
4539 4.96208
4540 4.96208
4541 4.96208
4542 4.96208
4543 4.96208
4544 4.96208
4545 4.96208
4546 4.96208
4547 4.96208
4548 4.96208
4549 4.96208
4550 4.96208
4551 4.96208
4552 4.96208
4553 4.96208
4554 4.96208
4555 4.96208
4556 4.96208
4557 4.96208
4558 4.96208
4559 4.96208
4560 4.96208
4561 4.96208
4562 4.96208
4563 4.96208
4564 4.96208
4565 4.96208
4566 4.96208
4567 4.96208
4568 4.96208
4569 4.96208
4570 4.96208
4571 4.96208
4572 4.96208
4573 4.96208
4574 4.96208
4575 4.96208
4576 4.96208
4577 4.96208
4578 4.96208
4579 4.96208
4580 4.96208
4581 4.96208
4582 4.96208
4583 4.96208
4584 4.96208
4585 4.96208
4586 4.96208
4587 4.96208
4588 4.96208
4589 4.96208
4590 4.96208
4591 4.96208
4592 4.96208
4593 4.96208
4594 4.96208
4595 4.96208
4596 4.96208
4597 4.96208
4598 4.96208
4599 4.96208
4600 4.96208
4601 4.96208
4602 4.96208
4603 4.96208
4604 4.96208
4605 4.96208
4606 4.96208
4607 4.96208
4608 4.96208
4609 4.96208
4610 4.96208
4611 4.96208
4612 4.96208
4613 4.96208
4614 4.96208
4615 4.96208
4616 4.96208
4617 4.96208
4618 4.96208
4619 4.96208
4620 4.96208
4621 4.96208
4622 4.96208
4623 4.96208
4624 4.96208
4625 4.96208
4626 4.96208
4627 4.96208
4628 4.96208
4629 4.96208
4630 4.96208
4631 4.96208
4632 4.96208
4633 4.96208
4634 4.96208
4635 4.96208
4636 4.96208
4637 4.96208
4638 4.96208
4639 4.96208
4640 4.96208
4641 4.96208
4642 4.96208
4643 4.96208
4644 4.96208
4645 4.96208
4646 4.96208
4647 4.96208
4648 4.96208
4649 4.96208
4650 4.96208
4651 4.96208
4652 4.96208
4653 4.96208
4654 4.96208
4655 4.96208
4656 4.96208
4657 4.96208
4658 4.96208
4659 4.96208
4660 4.96208
4661 4.96208
4662 4.96208
4663 4.96208
4664 4.96208
4665 4.96208
4666 4.96208
4667 4.96208
4668 4.96208
4669 4.96208
4670 4.96208
4671 4.96208
4672 4.96208
4673 4.96208
4674 4.96208
4675 4.96208
4676 4.96208
4677 4.96208
4678 4.96208
4679 4.96208
4680 4.96208
4681 4.96208
4682 4.96208
4683 4.96208
4684 4.96208
4685 4.96208
4686 4.96208
4687 4.96208
4688 4.96208
4689 4.96208
4690 4.96208
4691 4.96208
4692 4.96208
4693 4.96208
4694 4.96208
4695 4.96208
4696 4.96208
4697 4.96208
4698 4.96208
4699 4.96208
4700 4.96208
4701 4.96208
4702 4.96208
4703 4.96208
4704 4.96208
4705 4.96208
4706 4.96208
4707 4.96208
4708 4.96208
4709 4.96208
4710 4.96208
4711 4.96208
4712 4.96208
4713 4.96208
4714 4.96208
4715 4.96208
4716 4.96208
4717 4.96208
4718 4.96208
4719 4.96208
4720 4.96208
4721 4.96208
4722 4.96208
4723 4.96208
4724 4.96208
4725 4.96208
4726 4.96208
4727 4.96208
4728 4.96208
4729 4.96208
4730 4.96208
4731 4.96208
4732 4.96208
4733 4.96208
4734 4.96208
4735 4.96208
4736 4.96208
4737 4.96208
4738 4.96208
4739 4.96208
4740 4.96208
4741 4.96208
4742 4.96208
4743 4.96208
4744 4.96208
4745 4.96208
4746 4.96208
4747 4.96208
4748 4.96208
4749 4.96208
4750 4.96208
4751 4.96208
4752 4.96208
4753 4.96208
4754 4.96208
4755 4.96208
4756 4.96208
4757 4.96208
4758 4.96208
4759 4.96208
4760 4.96208
4761 4.96208
4762 4.96208
4763 4.96208
4764 4.96208
4765 4.96208
4766 4.96208
4767 4.96208
4768 4.96208
4769 4.96208
4770 4.96208
4771 4.96208
4772 4.96208
4773 4.96208
4774 4.96208
4775 4.96208
4776 4.96208
4777 4.96208
4778 4.96208
4779 4.96208
4780 4.96208
4781 4.96208
4782 4.96208
4783 4.96208
4784 4.96208
4785 4.96208
4786 4.96208
4787 4.96208
4788 4.96208
4789 4.96208
4790 4.96208
4791 4.96208
4792 4.96208
4793 4.96208
4794 4.96208
4795 4.96208
4796 4.96208
4797 4.96208
4798 4.96208
4799 4.96208
4800 4.96208
4801 4.96208
4802 4.96208
4803 4.96208
4804 4.96208
4805 4.96208
4806 4.96208
4807 4.96208
4808 4.96208
4809 4.96208
4810 4.96208
4811 4.96208
4812 4.96208
4813 4.96208
4814 4.96208
4815 4.96208
4816 4.96208
4817 4.96208
4818 4.96208
4819 4.96208
4820 4.96208
4821 4.96208
4822 4.96208
4823 4.96208
4824 4.96208
4825 4.96208
4826 4.96208
4827 4.96208
4828 4.96208
4829 4.96208
4830 4.96208
4831 4.96208
4832 4.96208
4833 4.96208
4834 4.96208
4835 4.96208
4836 4.96208
4837 4.96208
4838 4.96208
4839 4.96208
4840 4.96208
4841 4.96208
4842 4.96208
4843 4.96208
4844 4.96208
4845 4.96208
4846 4.96208
4847 4.96208
4848 4.96208
4849 4.96208
4850 4.96208
4851 4.96208
4852 4.96208
4853 4.96208
4854 4.96208
4855 4.96208
4856 4.96208
4857 4.96208
4858 4.96208
4859 4.96208
4860 4.96208
4861 4.96208
4862 4.96208
4863 4.96208
4864 4.96208
4865 4.96208
4866 4.96208
4867 4.96208
4868 4.96208
4869 4.96208
4870 4.96208
4871 4.96208
4872 4.96208
4873 4.96208
4874 4.96208
4875 4.96208
4876 4.96208
4877 4.96208
4878 4.96208
4879 4.96208
4880 4.96208
4881 4.96208
4882 4.96208
4883 4.96208
4884 4.96208
4885 4.96208
4886 4.96208
4887 4.96208
4888 4.96208
4889 4.96208
4890 4.96208
4891 4.96208
4892 4.96208
4893 4.96208
4894 4.96208
4895 4.96208
4896 4.96208
4897 4.96208
4898 4.96208
4899 4.96208
4900 4.96208
4901 4.96208
4902 4.96208
4903 4.96208
4904 4.96208
4905 4.96208
4906 4.96208
4907 4.96208
4908 4.96208
4909 4.96208
4910 4.96208
4911 4.96208
4912 4.96208
4913 4.96208
4914 4.96208
4915 4.96208
4916 4.96208
4917 4.96208
4918 4.96208
4919 4.96208
4920 4.96208
4921 4.96208
4922 4.96208
4923 4.96208
4924 4.96208
4925 4.96208
4926 4.96208
4927 4.96208
4928 4.96208
4929 4.96208
4930 4.96208
4931 4.96208
4932 4.96208
4933 4.96208
4934 4.96208
4935 4.96208
4936 4.96208
4937 4.96208
4938 4.96208
4939 4.96208
4940 4.96208
4941 4.96208
4942 4.96208
4943 4.96208
4944 4.96208
4945 4.96208
4946 4.96208
4947 4.96208
4948 4.96208
4949 4.96208
4950 4.96208
4951 4.96208
4952 4.96208
4953 4.96208
4954 4.96208
4955 4.96208
4956 4.96208
4957 4.96208
4958 4.96208
4959 4.96208
4960 4.96208
4961 4.96208
4962 4.96208
4963 4.96208
4964 4.96208
4965 4.96208
4966 4.96208
4967 4.96208
4968 4.96208
4969 4.96208
4970 4.96208
4971 4.96208
4972 4.96208
4973 4.96208
4974 4.96208
4975 4.96208
4976 4.96208
4977 4.96208
4978 4.96208
4979 4.96208
4980 4.96208
4981 4.96208
4982 4.96208
4983 4.96208
4984 4.96208
4985 4.96208
4986 4.96208
4987 4.96208
4988 4.96208
4989 4.96208
4990 4.96208
4991 4.96208
4992 4.96208
4993 4.96208
4994 4.96208
4995 4.96208
4996 4.96208
4997 4.96208
4998 4.96208
4999 4.96208
5000 4.96208
5001 4.96208
5002 4.96208
5003 4.96208
5004 4.96208
5005 4.96208
5006 4.96208
5007 4.96208
5008 4.96208
5009 4.96208
5010 4.96208
5011 4.96208
5012 4.96208
5013 4.96208
5014 4.96208
5015 4.96208
5016 4.96208
5017 4.96208
5018 4.96208
5019 4.96208
5020 4.96208
5021 4.96208
5022 4.96208
5023 4.96208
5024 4.96208
5025 4.96208
5026 4.96208
5027 4.96208
5028 4.96208
5029 4.96208
5030 4.96208
5031 4.96208
5032 4.96208
5033 4.96208
5034 4.96208
5035 4.96208
5036 4.96208
5037 4.96208
5038 4.96208
5039 4.96208
5040 4.96208
5041 4.96208
5042 4.96208
5043 4.96208
5044 4.96208
5045 4.96208
5046 4.96208
5047 4.96208
5048 4.96208
5049 4.96208
5050 4.96208
5051 4.96208
5052 4.96208
5053 4.96208
5054 4.96208
5055 4.96208
5056 4.96208
5057 4.96208
5058 4.96208
5059 4.96208
5060 4.96208
5061 4.96208
5062 4.96208
5063 4.96208
5064 4.96208
5065 4.96208
5066 4.96208
5067 4.96208
5068 4.96208
5069 4.96208
5070 4.96208
5071 4.96208
5072 4.96208
5073 4.96208
5074 4.96208
5075 4.96208
5076 4.96208
5077 4.96208
5078 4.96208
5079 4.96208
5080 4.96208
5081 4.96208
5082 4.96208
5083 4.96208
5084 4.96208
5085 4.96208
5086 4.96208
5087 4.96208
5088 4.96208
5089 4.96208
5090 4.96208
5091 4.96208
5092 4.96208
5093 4.96208
5094 4.96208
5095 4.96208
5096 4.96208
5097 4.96208
5098 4.96208
5099 4.96208
5100 4.96208
5101 4.96208
5102 4.96208
5103 4.96208
5104 4.96208
5105 4.96208
5106 4.96208
5107 4.96208
5108 4.96208
5109 4.96208
5110 4.96208
5111 4.96208
5112 4.96208
5113 4.96208
5114 4.96208
5115 4.96208
5116 4.96208
5117 4.96208
5118 4.96208
5119 4.96208
5120 4.96208
5121 4.96208
5122 4.96208
5123 4.96208
5124 4.96208
5125 4.96208
5126 4.96208
5127 4.96208
5128 4.96208
5129 4.96208
5130 4.96208
5131 4.96208
5132 4.96208
5133 4.96208
5134 4.96208
5135 4.96208
5136 4.96208
5137 4.96208
5138 4.96208
5139 4.96208
5140 4.96208
5141 4.96208
5142 4.96208
5143 4.96208
5144 4.96208
5145 4.96208
5146 4.96208
5147 4.96208
5148 4.96208
5149 4.96208
5150 4.96208
5151 4.96208
5152 4.96208
5153 4.96208
5154 4.96208
5155 4.96208
5156 4.96208
5157 4.96208
5158 4.96208
5159 4.96208
5160 4.96208
5161 4.96208
5162 4.96208
5163 4.96208
5164 4.96208
5165 4.96208
5166 4.96208
5167 4.96208
5168 4.96208
5169 4.96208
5170 4.96208
5171 4.96208
5172 4.96208
5173 4.96208
5174 4.96208
5175 4.96208
5176 4.96208
5177 4.96208
5178 4.96208
5179 4.96208
5180 4.96208
5181 4.96208
5182 4.96208
5183 4.96208
5184 4.96208
5185 4.96208
5186 4.96208
5187 4.96208
5188 4.96208
5189 4.96182
5190 4.96079
5191 4.95949
5192 4.95846
5193 4.95484
5194 4.95406
5195 4.95096
5196 4.94915
5197 4.94915
5198 4.94915
5199 4.94915
5200 4.94915
5201 4.94915
5202 4.94915
5203 4.94915
5204 4.94915
5205 4.94915
5206 4.94915
5207 4.94915
5208 4.94915
5209 4.94915
5210 4.94915
5211 4.94915
5212 4.94915
5213 4.94915
5214 4.94915
5215 4.94915
5216 4.94915
5217 4.94915
5218 4.94915
5219 4.94915
5220 4.94915
5221 4.94915
5222 4.94915
5223 4.94915
5224 4.94915
5225 4.94915
5226 4.94915
5227 4.94915
5228 4.94915
5229 4.94915
5230 4.94915
5231 4.94915
5232 4.94915
5233 4.94915
5234 4.94915
5235 4.94915
5236 4.94915
5237 4.94915
5238 4.94915
5239 4.94915
5240 4.94915
5241 4.94915
5242 4.94915
5243 4.94915
5244 4.94915
5245 4.94915
5246 4.94915
5247 4.94915
5248 4.94915
5249 4.94915
5250 4.94915
5251 4.94915
5252 4.94915
5253 4.94915
5254 4.94915
5255 4.94915
5256 4.94915
5257 4.94915
5258 4.94915
5259 4.94915
5260 4.94915
5261 4.94915
5262 4.94915
5263 4.94915
5264 4.94915
5265 4.94915
5266 4.94915
5267 4.94915
5268 4.94915
5269 4.94915
5270 4.94915
5271 4.94915
5272 4.94915
5273 4.94915
5274 4.94915
5275 4.94915
5276 4.94915
5277 4.94915
5278 4.94915
5279 4.94915
5280 4.94915
5281 4.94915
5282 4.94915
5283 4.94915
5284 4.94915
5285 4.94915
5286 4.94915
5287 4.94915
5288 4.94915
5289 4.94915
5290 4.94915
5291 4.94915
5292 4.94915
5293 4.94915
5294 4.94915
5295 4.94915
5296 4.94915
5297 4.94915
5298 4.94915
5299 4.94915
5300 4.94915
5301 4.94915
5302 4.94915
5303 4.94915
5304 4.94915
5305 4.94915
5306 4.94915
5307 4.94915
5308 4.94915
5309 4.94915
5310 4.94915
5311 4.94915
5312 4.94915
5313 4.94915
5314 4.94915
5315 4.94915
5316 4.94915
5317 4.94915
5318 4.94915
5319 4.94915
5320 4.94915
5321 4.94915
5322 4.94915
5323 4.94915
5324 4.94915
5325 4.94915
5326 4.94915
5327 4.94915
5328 4.94915
5329 4.94915
5330 4.94915
5331 4.94915
5332 4.94915
5333 4.94915
5334 4.94915
5335 4.94915
5336 4.94915
5337 4.94915
5338 4.94915
5339 4.94915
5340 4.94915
5341 4.94915
5342 4.94915
5343 4.94915
5344 4.94915
5345 4.94915
5346 4.94915
5347 4.94915
5348 4.94915
5349 4.94915
5350 4.94915
5351 4.94915
5352 4.94915
5353 4.94915
5354 4.94915
5355 4.94915
5356 4.94915
5357 4.94915
5358 4.94915
5359 4.94915
5360 4.94915
5361 4.94915
5362 4.94915
5363 4.94915
5364 4.94915
5365 4.94915
5366 4.94915
5367 4.94915
5368 4.94915
5369 4.94915
5370 4.94915
5371 4.94915
5372 4.94915
5373 4.94915
5374 4.94915
5375 4.94915
5376 4.94915
5377 4.94915
5378 4.94915
5379 4.94915
5380 4.94915
5381 4.94915
5382 4.94915
5383 4.94915
5384 4.94915
5385 4.94915
5386 4.94915
5387 4.94915
5388 4.94915
5389 4.94915
5390 4.94915
5391 4.94915
5392 4.94915
5393 4.94915
5394 4.94915
5395 4.94915
5396 4.94915
5397 4.94915
5398 4.94915
5399 4.94915
5400 4.94915
5401 4.94915
5402 4.94915
5403 4.94915
5404 4.94915
5405 4.94915
5406 4.94915
5407 4.94915
5408 4.94915
5409 4.94915
5410 4.94915
5411 4.94915
5412 4.94915
5413 4.94915
5414 4.94915
5415 4.94915
5416 4.94915
5417 4.94915
5418 4.94915
5419 4.94915
5420 4.94915
5421 4.94915
5422 4.94915
5423 4.94915
5424 4.94915
5425 4.94915
5426 4.94915
5427 4.94915
5428 4.94915
5429 4.94915
5430 4.94915
5431 4.94915
5432 4.94915
5433 4.94915
5434 4.94915
5435 4.94915
5436 4.94915
5437 4.94915
5438 4.94915
5439 4.94915
5440 4.94915
5441 4.94915
5442 4.94915
5443 4.94915
5444 4.94915
5445 4.94915
5446 4.94915
5447 4.94915
5448 4.94915
5449 4.94915
5450 4.94915
5451 4.94915
5452 4.94915
5453 4.94915
5454 4.94915
5455 4.94915
5456 4.94915
5457 4.94915
5458 4.94915
5459 4.94915
5460 4.94915
5461 4.94915
5462 4.94915
5463 4.94915
5464 4.94915
5465 4.94915
5466 4.94915
5467 4.94915
5468 4.94915
5469 4.94915
5470 4.94915
5471 4.94915
5472 4.94915
5473 4.94915
5474 4.94915
5475 4.94915
5476 4.94915
5477 4.94915
5478 4.94915
5479 4.94915
5480 4.94915
5481 4.94915
5482 4.94915
5483 4.94915
5484 4.94915
5485 4.94915
5486 4.94915
5487 4.94915
5488 4.94915
5489 4.94915
5490 4.94915
5491 4.94915
5492 4.94915
5493 4.94915
5494 4.94915
5495 4.94915
5496 4.94915
5497 4.94915
5498 4.94915
5499 4.94915
5500 4.94915
5501 4.94915
5502 4.94915
5503 4.94915
5504 4.94915
5505 4.94915
5506 4.94915
5507 4.94915
5508 4.94915
5509 4.94915
5510 4.94915
5511 4.94915
5512 4.94915
5513 4.94915
5514 4.94915
5515 4.94915
5516 4.94915
5517 4.94915
5518 4.94915
5519 4.94915
5520 4.94915
5521 4.94915
5522 4.94915
5523 4.94915
5524 4.94915
5525 4.94915
5526 4.94915
5527 4.94915
5528 4.94915
5529 4.94915
5530 4.94915
5531 4.94915
5532 4.94915
5533 4.94915
5534 4.94915
5535 4.94915
5536 4.94915
5537 4.94915
5538 4.94915
5539 4.94915
5540 4.94915
5541 4.94915
5542 4.94915
5543 4.94915
5544 4.94915
5545 4.94915
5546 4.94915
5547 4.94915
5548 4.94915
5549 4.94915
5550 4.94915
5551 4.94915
5552 4.94915
5553 4.94915
5554 4.94915
5555 4.94915
5556 4.94915
5557 4.94915
5558 4.94915
5559 4.94915
5560 4.94915
5561 4.94915
5562 4.94915
5563 4.94915
5564 4.94915
5565 4.94915
5566 4.94915
5567 4.94915
5568 4.94915
5569 4.94915
5570 4.94915
5571 4.94915
5572 4.94915
5573 4.94915
5574 4.94915
5575 4.94915
5576 4.94915
5577 4.94915
5578 4.94915
5579 4.94915
5580 4.94915
5581 4.94915
5582 4.94915
5583 4.94915
5584 4.94915
5585 4.94915
5586 4.94915
5587 4.94915
5588 4.94915
5589 4.94915
5590 4.94915
5591 4.94915
5592 4.94915
5593 4.94915
5594 4.94915
5595 4.94915
5596 4.94915
5597 4.94915
5598 4.94915
5599 4.94915
5600 4.94915
5601 4.94915
5602 4.94915
5603 4.94915
5604 4.94915
5605 4.94915
5606 4.94915
5607 4.94915
5608 4.94915
5609 4.94915
5610 4.94915
5611 4.94915
5612 4.94915
5613 4.94915
5614 4.94915
5615 4.94915
5616 4.94915
5617 4.94915
5618 4.94915
5619 4.94915
5620 4.94915
5621 4.94915
5622 4.94915
5623 4.94915
5624 4.94915
5625 4.94915
5626 4.94915
5627 4.94915
5628 4.94915
5629 4.94915
5630 4.94915
5631 4.94915
5632 4.94915
5633 4.94915
5634 4.94915
5635 4.94915
5636 4.94915
5637 4.94915
5638 4.94915
5639 4.94915
5640 4.94915
5641 4.94915
5642 4.94915
5643 4.94915
5644 4.94915
5645 4.94915
5646 4.94915
5647 4.94915
5648 4.94915
5649 4.94915
5650 4.94915
5651 4.94915
5652 4.94915
5653 4.94915
5654 4.94915
5655 4.94915
5656 4.94915
5657 4.94915
5658 4.94915
5659 4.94915
5660 4.94915
5661 4.94915
5662 4.94915
5663 4.94915
5664 4.94915
5665 4.94915
5666 4.94915
5667 4.94915
5668 4.94915
5669 4.94915
5670 4.94915
5671 4.94915
5672 4.94915
5673 4.94915
5674 4.94915
5675 4.94915
5676 4.94915
5677 4.94915
5678 4.94915
5679 4.94915
5680 4.94915
5681 4.94915
5682 4.94915
5683 4.94915
5684 4.94915
5685 4.94915
5686 4.94915
5687 4.94915
5688 4.94915
5689 4.94915
5690 4.94915
5691 4.94915
5692 4.94915
5693 4.94915
5694 4.94915
5695 4.94915
5696 4.94915
5697 4.94915
5698 4.94915
5699 4.94915
5700 4.94915
5701 4.94915
5702 4.94915
5703 4.94915
5704 4.94915
5705 4.94915
5706 4.94915
5707 4.94915
5708 4.94915
5709 4.94915
5710 4.94915
5711 4.94915
5712 4.94915
5713 4.94915
5714 4.94915
5715 4.94915
5716 4.94915
5717 4.94915
5718 4.94915
5719 4.94915
5720 4.94915
5721 4.94915
5722 4.94915
5723 4.94915
5724 4.94915
5725 4.94915
5726 4.94915
5727 4.94915
5728 4.94915
5729 4.94915
5730 4.94915
5731 4.94915
5732 4.94915
5733 4.94915
5734 4.94915
5735 4.94915
5736 4.94915
5737 4.94915
5738 4.94915
5739 4.94915
5740 4.94915
5741 4.94915
5742 4.94915
5743 4.94915
5744 4.94915
5745 4.94915
5746 4.94915
5747 4.94915
5748 4.94915
5749 4.94915
5750 4.94915
5751 4.94915
5752 4.94915
5753 4.94915
5754 4.94915
5755 4.94915
5756 4.94915
5757 4.94915
5758 4.94915
5759 4.94915
5760 4.94915
5761 4.94915
5762 4.94915
5763 4.94915
5764 4.94915
5765 4.94915
5766 4.94915
5767 4.94915
5768 4.94915
5769 4.94915
5770 4.94915
5771 4.94915
5772 4.94915
5773 4.94915
5774 4.94915
5775 4.94915
5776 4.94915
5777 4.94915
5778 4.94915
5779 4.94915
5780 4.94915
5781 4.94915
5782 4.94915
5783 4.94915
5784 4.94915
5785 4.94915
5786 4.94915
5787 4.94915
5788 4.94915
5789 4.94915
5790 4.94915
5791 4.94915
5792 4.94915
5793 4.94915
5794 4.94915
5795 4.94915
5796 4.94915
5797 4.94915
5798 4.94915
5799 4.94915
5800 4.94915
5801 4.94915
5802 4.94915
5803 4.94915
5804 4.94915
5805 4.94915
5806 4.94915
5807 4.94915
5808 4.94915
5809 4.94915
5810 4.94915
5811 4.94915
5812 4.94915
5813 4.94915
5814 4.94915
5815 4.94915
5816 4.94915
5817 4.94915
5818 4.94915
5819 4.94915
5820 4.94915
5821 4.94915
5822 4.94915
5823 4.94915
5824 4.94915
5825 4.94915
5826 4.94915
5827 4.94915
5828 4.94915
5829 4.94915
5830 4.94915
5831 4.94915
5832 4.94915
5833 4.94915
5834 4.94915
5835 4.94915
5836 4.94915
5837 4.94915
5838 4.94915
5839 4.94915
5840 4.94915
5841 4.94915
5842 4.94915
5843 4.94915
5844 4.94915
5845 4.94915
5846 4.94915
5847 4.94915
5848 4.94915
5849 4.94915
5850 4.94915
5851 4.94915
5852 4.94915
5853 4.94915
5854 4.94915
5855 4.94915
5856 4.94915
5857 4.94915
5858 4.94915
5859 4.94915
5860 4.94915
5861 4.94915
5862 4.94915
5863 4.94915
5864 4.94915
5865 4.94915
5866 4.94915
5867 4.94915
5868 4.94915
5869 4.94915
5870 4.94915
5871 4.94915
5872 4.94915
5873 4.94915
5874 4.94915
5875 4.94915
5876 4.94915
5877 4.94915
5878 4.94915
5879 4.94915
5880 4.94915
5881 4.94915
5882 4.94915
5883 4.94915
5884 4.94915
5885 4.94915
5886 4.94915
5887 4.94915
5888 4.94915
5889 4.94915
5890 4.94915
5891 4.94915
5892 4.94915
5893 4.94915
5894 4.94915
5895 4.94915
5896 4.94915
5897 4.94915
5898 4.94915
5899 4.94915
5900 4.94915
5901 4.94915
5902 4.94915
5903 4.94915
5904 4.94915
5905 4.94915
5906 4.94915
5907 4.94915
5908 4.94915
5909 4.94915
5910 4.94915
5911 4.94915
5912 4.94915
5913 4.94915
5914 4.94915
5915 4.94915
5916 4.94915
5917 4.94915
5918 4.94915
5919 4.94915
5920 4.94915
5921 4.94915
5922 4.94915
5923 4.94915
5924 4.94915
5925 4.94915
5926 4.94915
5927 4.94915
5928 4.94915
5929 4.94915
5930 4.94915
5931 4.94915
5932 4.94915
5933 4.94915
5934 4.94915
5935 4.94915
5936 4.94915
5937 4.94915
5938 4.94915
5939 4.94915
5940 4.94915
5941 4.94915
5942 4.94915
5943 4.94915
5944 4.94915
5945 4.94915
5946 4.94915
5947 4.94915
5948 4.94915
5949 4.94915
5950 4.94915
5951 4.94915
5952 4.94915
5953 4.94915
5954 4.94915
5955 4.94915
5956 4.94915
5957 4.94915
5958 4.94915
5959 4.94915
5960 4.94915
5961 4.94915
5962 4.94915
5963 4.94915
5964 4.94915
5965 4.94915
5966 4.94915
5967 4.94915
5968 4.94915
5969 4.94915
5970 4.94915
5971 4.94915
5972 4.94915
5973 4.94915
5974 4.94915
5975 4.94915
5976 4.94915
5977 4.94915
5978 4.94915
5979 4.94915
5980 4.94915
5981 4.94915
5982 4.94915
5983 4.94915
5984 4.94915
5985 4.94915
5986 4.94915
5987 4.94915
5988 4.94915
5989 4.94915
5990 4.94915
5991 4.94915
5992 4.94915
5993 4.94915
5994 4.94915
5995 4.94915
5996 4.94915
5997 4.94915
5998 4.94915
5999 4.94915
6000 4.94915
