1.282482e-02 0.000000e+00 0.000000e+00
3.847446e-02 0.000000e+00 0.000000e+00
6.412410e-02 0.000000e+00 0.000000e+00
8.977374e-02 0.000000e+00 0.000000e+00
1.154234e-01 0.000000e+00 0.000000e+00
1.410730e-01 0.000000e+00 0.000000e+00
1.667227e-01 0.000000e+00 0.000000e+00
1.923723e-01 0.000000e+00 0.000000e+00
2.180219e-01 0.000000e+00 0.000000e+00
2.436716e-01 0.000000e+00 0.000000e+00
2.693212e-01 0.000000e+00 0.000000e+00
2.949709e-01 0.000000e+00 0.000000e+00
3.206205e-01 0.000000e+00 0.000000e+00
3.462701e-01 0.000000e+00 0.000000e+00
3.719198e-01 0.000000e+00 0.000000e+00
3.975694e-01 0.000000e+00 0.000000e+00
4.232190e-01 0.000000e+00 0.000000e+00
4.488687e-01 0.000000e+00 0.000000e+00
4.745183e-01 0.000000e+00 0.000000e+00
5.001680e-01 0.000000e+00 0.000000e+00
5.258176e-01 0.000000e+00 0.000000e+00
5.514672e-01 0.000000e+00 0.000000e+00
5.771169e-01 0.000000e+00 0.000000e+00
6.027665e-01 0.000000e+00 0.000000e+00
6.284162e-01 0.000000e+00 0.000000e+00
6.540658e-01 0.000000e+00 0.000000e+00
6.797154e-01 0.000000e+00 0.000000e+00
7.053651e-01 0.000000e+00 0.000000e+00
7.310147e-01 0.000000e+00 0.000000e+00
7.566644e-01 0.000000e+00 0.000000e+00
7.823140e-01 0.000000e+00 0.000000e+00
8.079636e-01 0.000000e+00 0.000000e+00
8.336133e-01 0.000000e+00 0.000000e+00
8.592629e-01 1.750706e-05 6.295359e-06
8.849126e-01 1.325140e-03 5.043787e-05
9.105622e-01 2.383124e-02 2.656089e-04
9.362118e-01 1.646376e-01 7.765144e-04
9.618615e-01 5.615878e-01 1.758688e-03
9.875111e-01 1.199086e+00 2.603670e-03
1.013161e+00 1.862094e+00 2.483223e-03
1.038810e+00 2.338199e+00 2.373722e-03
1.064460e+00 2.555500e+00 1.833860e-03
1.090110e+00 2.548886e+00 2.276777e-03
1.115759e+00 2.409495e+00 2.016923e-03
1.141409e+00 2.198419e+00 1.791324e-03
1.167059e+00 1.974455e+00 1.666572e-03
1.192708e+00 1.754795e+00 1.554033e-03
1.218358e+00 1.559101e+00 1.586093e-03
1.244008e+00 1.391726e+00 1.731033e-03
1.269657e+00 1.246305e+00 1.439659e-03
1.295307e+00 1.126141e+00 1.096711e-03
1.320956e+00 1.023694e+00 1.209032e-03
1.346606e+00 9.412125e-01 1.383164e-03
1.372256e+00 8.709523e-01 1.426775e-03
1.397905e+00 8.150902e-01 1.559514e-03
1.423555e+00 7.729295e-01 1.213311e-03
1.449205e+00 7.357202e-01 1.130160e-03
1.474854e+00 7.101626e-01 1.149332e-03
1.500504e+00 6.899782e-01 1.154702e-03
1.526154e+00 6.780098e-01 8.554495e-04
1.551803e+00 6.732955e-01 1.201430e-03
1.577453e+00 6.719239e-01 9.933134e-04
1.603102e+00 6.763916e-01 1.124804e-03
1.628752e+00 6.866085e-01 1.181683e-03
1.654402e+00 7.026970e-01 8.334827e-04
1.680051e+00 7.236527e-01 1.122781e-03
1.705701e+00 7.494065e-01 1.151298e-03
1.731351e+00 7.803322e-01 1.251550e-03
1.757000e+00 8.154151e-01 1.258836e-03
1.782650e+00 8.532202e-01 1.204295e-03
1.808300e+00 8.939190e-01 1.235408e-03
1.833949e+00 9.345280e-01 1.153304e-03
1.859599e+00 9.769086e-01 9.321202e-04
1.885248e+00 1.017298e+00 1.061407e-03
1.910898e+00 1.057605e+00 7.427350e-04
1.936548e+00 1.095375e+00 1.425629e-03
1.962197e+00 1.129819e+00 1.108302e-03
1.987847e+00 1.161550e+00 1.305643e-03
2.013497e+00 1.186520e+00 1.067013e-03
2.039146e+00 1.205882e+00 9.207978e-04
2.064796e+00 1.214274e+00 9.955056e-04
2.090446e+00 1.215726e+00 8.949019e-04
2.116095e+00 1.209593e+00 7.703835e-04
2.141745e+00 1.196139e+00 1.088563e-03
2.167395e+00 1.175387e+00 1.006837e-03
2.193044e+00 1.151373e+00 8.911323e-04
2.218694e+00 1.124554e+00 9.933509e-04
2.244343e+00 1.094689e+00 6.254661e-04
2.269993e+00 1.066246e+00 8.477578e-04
2.295643e+00 1.038806e+00 9.917030e-04
2.321292e+00 1.012239e+00 8.165542e-04
2.346942e+00 9.866663e-01 1.265069e-03
2.372592e+00 9.650671e-01 1.132886e-03
2.398241e+00 9.462335e-01 9.033388e-04
2.423891e+00 9.307072e-01 8.146000e-04
2.449541e+00 9.176692e-01 8.952027e-04
2.475190e+00 9.081750e-01 9.002767e-04
2.500840e+00 8.942144e-01 7.132121e-04
2.526489e+00 8.860177e-01 9.291014e-04
2.552139e+00 8.858757e-01 7.733925e-04
