1 1.4447 1.4447 0
2 1.43143 1.43807 0.0066366
3 1.36305 1.41306 0.0252965
4 1.40343 1.41066 0.0180487
5 1.44175 1.41687 0.0153013
6 1.37583 1.41003 0.0142435
7 1.42664 1.41241 0.0122694
8 1.43361 1.41506 0.0109513
9 1.39189 1.41248 0.00999531
10 1.39038 1.41027 0.0092093
11 1.3212 1.40217 0.0116173
12 1.40883 1.40273 0.0106196
13 1.33639 1.39763 0.011021
14 1.39595 1.39751 0.0102042
15 1.374 1.39594 0.009628
16 1.31765 1.39105 0.0102496
17 1.36803 1.38969 0.00972259
18 1.41586 1.39115 0.00928111
19 1.35156 1.38906 0.00902294
20 1.3742 1.38832 0.00859212
