1 -5.45388 -5.45388 0
2 -5.45805 -5.45597 0.00208547
3 -5.47379 -5.46191 0.00606162
4 -5.46811 -5.46346 0.00455835
5 -5.45663 -5.46209 0.00378568
6 -5.46848 -5.46316 0.00326939
7 -5.45912 -5.46258 0.00282262
8 -5.46383 -5.46274 0.00244945
9 -5.46286 -5.46275 0.00216026
10 -5.46612 -5.46309 0.00196138
11 -5.47614 -5.46428 0.00213435
12 -5.45963 -5.46389 0.00198656
13 -5.47197 -5.46451 0.00193031
14 -5.46603 -5.46462 0.00179041
15 -5.47037 -5.465 0.00171025
16 -5.47851 -5.46585 0.00180879
17 -5.47115 -5.46616 0.00172746
18 -5.46199 -5.46593 0.00164508
19 -5.47437 -5.46637 0.00161834
20 -5.46444 -5.46627 0.00153832
