0.000000000e+00 0.000000000e+00
0.000000000e+00 0.000000000e+00
0.000000000e+00 0.000000000e+00
0.000000000e+00 0.000000000e+00
0.000000000e+00 0.000000000e+00
0.000000000e+00 0.000000000e+00
0.000000000e+00 0.000000000e+00
0.000000000e+00 0.000000000e+00
0.000000000e+00 0.000000000e+00
0.000000000e+00 0.000000000e+00
0.000000000e+00 0.000000000e+00
0.000000000e+00 0.000000000e+00
0.000000000e+00 0.000000000e+00
0.000000000e+00 0.000000000e+00
0.000000000e+00 0.000000000e+00
0.000000000e+00 0.000000000e+00
0.000000000e+00 0.000000000e+00
0.000000000e+00 0.000000000e+00
0.000000000e+00 0.000000000e+00
0.000000000e+00 0.000000000e+00
0.000000000e+00 0.000000000e+00
0.000000000e+00 0.000000000e+00
0.000000000e+00 0.000000000e+00
0.000000000e+00 0.000000000e+00
0.000000000e+00 0.000000000e+00
0.000000000e+00 0.000000000e+00
0.000000000e+00 0.000000000e+00
0.000000000e+00 0.000000000e+00
0.000000000e+00 0.000000000e+00
0.000000000e+00 0.000000000e+00
0.000000000e+00 0.000000000e+00
0.000000000e+00 0.000000000e+00
0.000000000e+00 0.000000000e+00
0.000000000e+00 0.000000000e+00
7.648214558e-04 5.829480306e-04
1.995536426e-02 4.614744310e-03
1.419664170e-01 1.096268614e-02
5.129122327e-01 1.672521729e-02
1.162664945e+00 3.700315107e-02
1.833667944e+00 3.839409861e-02
2.338245506e+00 4.583510744e-02
2.589916396e+00 4.036059166e-02
2.587501689e+00 4.402810818e-02
2.460266023e+00 3.624261939e-02
2.230790581e+00 3.874505576e-02
2.007376971e+00 4.106763943e-02
1.784235186e+00 3.335909686e-02
1.568739571e+00 4.077766471e-02
1.388525718e+00 3.106718670e-02
1.243388276e+00 2.726441153e-02
1.119797748e+00 1.875433545e-02
1.010273867e+00 1.700433370e-02
9.263735739e-01 2.928210165e-02
8.617183009e-01 2.769198444e-02
8.110222931e-01 1.748829103e-02
7.591222647e-01 2.227585036e-02
7.195343049e-01 2.331081978e-02
6.996323508e-01 2.009520884e-02
6.777922175e-01 2.165362849e-02
6.720241673e-01 1.720456410e-02
6.651098458e-01 1.826786593e-02
6.652063753e-01 1.844181189e-02
6.732844886e-01 1.766762562e-02
6.817955657e-01 1.906018181e-02
7.004638324e-01 2.063742450e-02
7.195326681e-01 2.023886684e-02
7.494739252e-01 1.791225748e-02
7.815351514e-01 1.038837296e-02
8.195034143e-01 1.355878980e-02
8.583917148e-01 1.452880221e-02
8.972186289e-01 2.054855711e-02
9.408422619e-01 1.781273585e-02
9.815488729e-01 1.601921577e-02
1.021174113e+00 1.700725248e-02
1.066780903e+00 2.317141043e-02
1.097583635e+00 2.015123623e-02
1.131645714e+00 1.706257446e-02
1.167397666e+00 1.720367704e-02
1.195585551e+00 1.700196226e-02
1.215446157e+00 1.503542686e-02
1.225594464e+00 1.562163231e-02
1.226310003e+00 1.792291428e-02
1.215840581e+00 2.014811363e-02
1.197340246e+00 1.657287093e-02
1.178287393e+00 1.980353040e-02
1.153101213e+00 1.921085110e-02
1.122916725e+00 2.059985329e-02
1.093013549e+00 1.570210016e-02
1.065000977e+00 1.404007017e-02
1.031025078e+00 1.380191531e-02
1.001423883e+00 1.484874389e-02
9.725819888e-01 1.652443313e-02
9.472897420e-01 1.543482610e-02
9.294115450e-01 1.678275623e-02
9.172943397e-01 1.935074833e-02
9.085402955e-01 2.039656285e-02
8.925212482e-01 1.524713432e-02
8.876009741e-01 1.239094423e-02
8.870719904e-01 1.046261273e-02
8.889720779e-01 1.034742224e-02
